GIS/ken_population.asc
ncols         178
nrows         224
xllcorner     -67203.471654228
yllcorner     -518695.09422505
cellsize      5000
NODATA_value  -9999
[rows 117 to 155 of 224, columns 87 to 173 of 178]
18033 15111 11092 5984 2339 22 6 6 9 9 24 93 64 151 203 130 39 15 10 13 245 2081 1320 970 756 651 1901 897 1267 1215 822 683 1217 996 1057 2424 878 313 302 374 402 432 422 450 436 442 493 574 265 227 233 170 183 392 1029 38025 7005 413 295 168 143 105 213 276 350 440 364 223 174 149 118 -9999 -9999 -9999 -9999 -9999 -9999 -9999 -9999 -9999 -9999 -9999 -9999 -9999 -9999 -9999 -9999
9025 7802 8856 5672 2432 22 12 6 5 5 6 29 52 48 89 131 29 15 11 13 290 1652 1262 590 763 822 2222 1069 416 883 987 832 805 697 424 533 527 379 464 483 461 477 485 479 778 489 163 152 269 394 554 547 723 1228 3139 77368 11701 185 71 40 30 25 64 230 282 363 297 207 181 167 104 -9999 -9999 -9999 -9999 -9999 -9999 -9999 -9999 -9999 -9999 -9999 -9999 -9999 -9999 -9999 -9999
8918 7556 4685 5623 5752 1307 898 356 102 18 7 5 41 43 41 42 24 15 14 28 741 1974 1430 453 718 1208 2495 1041 318 267 320 388 297 285 269 321 477 630 1174 967 744 634 509 756 1498 229 125 76 85 499 874 960 1116 1843 2740 42961 35108 2869 114 67 38 26 21 139 204 211 204 182 159 138 116 -9999 -9999 -9999 -9999 -9999 -9999 -9999 -9999 -9999 -9999 -9999 -9999 -9999 -9999 -9999 -9999
4659 4369 4647 4088 4471 2572 1332 640 781 493 95 5 9 45 56 112 59 16 26 66 953 2500 1638 1376 1138 1855 2714 1651 1157 278 231 172 155 197 285 298 404 471 537 659 1121 1092 662 829 514 241 138 95 121 434 764 1197 836 821 835 555 59869 30670 3006 942 49 28 22 49 180 181 163 146 134 171 195 -9999 -9999 -9999 -9999 -9999 -9999 -9999 -9999 -9999 -9999 -9999 -9999 -9999 -9999 -9999 -9999
4031 3799 3514 3831 3499 1959 1207 1226 523 484 334 133 26 44 100 200 78 21 32 101 868 2402 2579 1790 3835 3030 1605 1354 943 417 458 410 291 369 501 345 275 393 310 240 305 1384 1702 904 224 218 152 196 358 111 67 75 72 75 72 100 345 2144 2222 1159 80 27 21 15 121 148 131 121 150 186 219 -9999 -9999 -9999 -9999 -9999 -9999 -9999 -9999 -9999 -9999 -9999 -9999 -9999 -9999 -9999 -9999
3991 5003 4144 2941 2971 1798 1034 1160 688 850 740 351 225 133 37 58 36 17 20 37 76 123 545 617 756 690 386 388 314 1095 697 766 514 1149 645 442 328 364 530 416 651 722 1802 442 209 279 255 475 577 115 51 45 63 72 59 50 71 421 701 677 297 25 19 11 63 139 118 130 179 218 260 -9999 -9999 -9999 -9999 -9999 -9999 -9999 -9999 -9999 -9999 -9999 -9999 -9999 -9999 -9999 -9999
5898 4261 2720 3375 2459 1150 831 577 1495 1065 1009 737 465 152 76 22 14 13 13 15 31 90 68 75 217 395 205 199 462 829 599 549 795 3145 1181 833 721 412 512 994 670 589 539 247 163 235 311 338 147 66 42 35 40 45 34 31 57 197 554 466 459 225 13 11 12 121 133 131 123 81 66 -9999 -9999 -9999 -9999 -9999 -9999 -9999 -9999 -9999 -9999 -9999 -9999 -9999 -9999 -9999 -9999
3956 2845 1696 1617 1948 1213 503 467 1490 1556 1543 1471 783 182 90 33 13 13 13 15 17 35 133 406 574 450 175 99 208 244 266 274 305 455 404 875 1272 578 352 683 615 438 415 276 212 1676 299 100 61 42 46 66 44 27 27 31 56 108 550 473 421 236 12 12 16 48 51 51 59 61 68 -9999 -9999 -9999 -9999 -9999 -9999 -9999 -9999 -9999 -9999 -9999 -9999 -9999 -9999 -9999 -9999
3449 4572 2050 1120 1310 1108 556 979 986 1169 1158 926 565 155 91 66 13 12 15 25 38 30 64 297 458 267 69 49 47 51 45 54 139 189 191 416 579 541 550 448 356 325 309 262 217 271 125 52 35 34 59 133 111 42 29 31 37 45 166 331 219 178 147 67 27 31 41 53 62 66 69 -9999 -9999 -9999 -9999 -9999 -9999 -9999 -9999 -9999 -9999 -9999 -9999 -9999 -9999 -9999 -9999
3805 3860 2966 1732 1067 781 770 714 1148 1342 805 960 681 152 91 81 32 11 16 45 265 66 34 148 241 103 27 21 26 29 37 58 159 253 157 216 299 575 885 689 493 554 266 80 196 92 62 38 29 29 46 93 98 70 37 25 22 22 58 184 173 183 148 30 26 35 41 48 84 104 81 -9999 -9999 -9999 -9999 -9999 -9999 -9999 -9999 -9999 -9999 -9999 -9999 -9999 -9999 -9999 -9999
4123 3193 2583 1384 1166 985 885 849 1185 1572 872 1259 633 183 118 87 52 14 28 193 579 89 81 68 73 39 20 17 20 26 31 63 192 280 125 95 175 379 826 2847 1022 282 177 314 202 117 56 37 35 30 34 65 185 130 47 26 16 14 30 157 177 182 58 24 25 33 40 55 163 198 103 -9999 -9999 -9999 -9999 -9999 -9999 -9999 -9999 -9999 -9999 -9999 -9999 -9999 -9999 -9999 -9999
3099 2165 1500 1223 952 1005 938 941 976 960 951 1079 658 347 160 77 42 56 169 482 698 166 61 27 23 17 16 15 18 23 25 49 145 191 74 52 100 212 376 1487 825 486 2264 543 244 238 97 79 85 38 31 47 110 90 39 29 23 14 16 44 65 69 25 22 26 33 36 50 107 135 93 -9999 -9999 -9999 -9999 -9999 -9999 -9999 -9999 -9999 -9999 -9999 -9999 -9999 -9999 -9999 -9999
2925 1536 1206 1462 797 908 841 677 1088 981 1245 689 671 514 258 83 45 113 429 533 540 153 48 28 21 17 16 16 17 19 22 40 129 192 81 59 79 136 343 1754 60311 35902 1488 525 312 432 138 109 131 49 24 26 34 34 28 25 23 22 23 20 18 19 21 28 30 53 87 59 55 72 74 -9999 -9999 -9999 -9999 -9999 -9999 -9999 -9999 -9999 -9999 -9999 -9999 -9999 -9999 -9999 -9999
3072 1830 1166 856 779 1131 1309 647 819 837 1021 798 581 481 300 114 66 105 308 207 105 86 37 28 22 18 17 17 18 20 22 35 52 64 75 110 138 166 489 6573 87766 51030 1350 585 570 595 229 67 59 23 17 17 20 21 20 18 16 13 16 16 17 20 21 30 31 86 144 89 45 47 58 -9999 -9999 -9999 -9999 -9999 -9999 -9999 -9999 -9999 -9999 -9999 -9999 -9999 -9999 -9999 -9999
1835 1533 572 672 1682 1679 2084 1844 1091 1122 871 656 655 650 396 146 79 101 197 100 39 31 28 24 24 19 18 21 24 25 25 35 46 62 129 277 288 159 268 240 2296 3222 722 522 581 610 315 65 27 18 16 16 16 20 14 12 14 13 16 16 18 21 25 27 31 55 92 49 34 39 42 -9999 -9999 -9999 -9999 -9999 -9999 -9999 -9999 -9999 -9999 -9999 -9999 -9999 -9999 -9999 -9999
1321 1234 525 870 2176 1531 1612 1542 2120 1438 1093 658 593 462 243 139 131 111 100 80 34 26 23 23 27 24 23 23 24 26 32 47 74 94 216 488 247 64 175 262 173 406 367 475 1173 707 320 86 33 24 25 25 18 17 14 13 14 14 16 15 19 23 24 27 27 29 28 28 29 32 34 -9999 -9999 -9999 -9999 -9999 -9999 -9999 -9999 -9999 -9999 -9999 -9999 -9999 -9999 -9999 -9999
1325 2223 1232 1247 2177 1910 2154 1767 1787 1100 1107 875 773 610 297 405 292 132 96 76 52 25 25 24 28 29 29 29 29 28 40 88 231 203 119 141 66 39 55 86 93 224 288 377 496 799 409 124 89 46 72 82 46 43 52 50 21 13 14 15 20 24 26 25 25 25 25 24 29 33 34 -9999 -9999 -9999 -9999 -9999 -9999 -9999 -9999 -9999 -9999 -9999 -9999 -9999 -9999 -9999 -9999
1021 1050 1633 996 1121 1099 1714 2302 1483 2077 1077 995 629 1016 502 545 350 135 99 72 64 33 28 30 36 47 65 64 53 52 60 113 230 171 55 53 39 32 31 51 84 81 104 157 307 637 671 671 365 241 258 300 232 118 70 61 40 12 13 14 20 24 25 25 25 24 25 26 30 34 37 -9999 -9999 -9999 -9999 -9999 -9999 -9999 -9999 -9999 -9999 -9999 -9999 -9999 -9999 -9999 -9999
1363 819 783 891 1160 1960 3071 1819 1050 1487 860 465 514 618 423 427 172 113 84 75 75 73 37 41 55 87 194 216 86 51 45 55 66 54 37 31 34 42 44 75 103 91 85 120 267 702 694 684 751 406 373 365 350 128 75 58 50 19 12 15 18 21 23 23 25 22 22 26 33 38 36 -9999 -9999 -9999 -9999 -9999 -9999 -9999 -9999 -9999 -9999 -9999 -9999 -9999 -9999 -9999 -9999
1554 1133 1489 1736 1380 1528 2055 1529 1249 1242 1429 670 621 458 301 246 183 131 102 88 89 92 85 59 72 132 569 235 75 38 26 28 25 25 27 26 25 29 36 67 156 195 106 166 409 683 1103 601 474 404 289 224 173 84 76 68 36 27 16 18 19 20 21 24 26 26 27 38 70 101 77 -9999 -9999 -9999 -9999 -9999 -9999 -9999 -9999 -9999 -9999 -9999 -9999 -9999 -9999 -9999 -9999
1218 1093 1215 1478 1496 1461 2446 1079 886 899 1567 2324 1382 1019 472 590 763 364 141 128 138 98 88 52 58 113 163 122 60 18 13 12 12 11 13 19 21 27 33 58 189 411 148 147 353 485 428 272 215 157 129 118 90 75 69 38 27 24 25 20 22 20 21 25 26 38 64 107 220 431 316 -9999 -9999 -9999 -9999 -9999 -9999 -9999 -9999 -9999 -9999 -9999 -9999 -9999 -9999 -9999 -9999
1579 1301 1179 1199 1573 2086 2557 1218 1054 1784 1543 1452 926 805 341 384 520 263 150 140 111 81 65 45 34 65 107 73 34 17 12 10 10 10 10 14 21 23 27 46 112 306 247 115 179 394 320 203 213 139 108 95 75 71 44 31 29 29 31 22 21 21 23 27 46 103 187 244 505 487 481 -9999 -9999 -9999 -9999 -9999 -9999 -9999 -9999 -9999 -9999 -9999 -9999 -9999 -9999 -9999 -9999
1306 1042 1004 1167 1465 2045 2170 1975 1558 1503 1093 1009 829 661 281 185 245 151 162 231 104 55 42 38 33 72 98 56 20 12 10 10 11 11 11 11 24 25 26 36 94 222 241 184 280 434 408 358 423 198 112 92 81 53 33 34 30 30 31 33 24 22 26 39 187 300 279 242 362 521 560 -9999 -9999 -9999 -9999 -9999 -9999 -9999 -9999 -9999 -9999 -9999 -9999 -9999 -9999 -9999 -9999
1301 1120 1172 1475 2435 12690 3970 2680 1235 991 973 990 911 1065 528 164 117 88 121 149 82 49 39 41 40 85 117 56 19 11 10 11 10 11 10 10 13 18 28 34 45 94 110 193 255 247 226 321 303 102 61 84 71 36 36 36 32 35 38 38 39 45 50 148 340 292 278 237 256 471 701 845 -9999 -9999 -9999 -9999 -9999 -9999 -9999 -9999 -9999 -9999 -9999 -9999 -9999 -9999 -9999
1458 1264 1305 2063 3128 6239 2904 2061 1246 1076 1276 1308 1325 1184 856 339 105 83 69 68 59 42 35 39 44 47 55 35 12 10 10 8 9 10 12 13 16 17 27 34 39 53 103 306 251 208 383 160 93 78 65 55 47 42 40 41 35 33 39 42 43 44 54 161 480 270 256 271 319 304 827 1006 704 -9999 -9999 -9999 -9999 -9999 -9999 -9999 -9999 -9999 -9999 -9999 -9999 -9999 -9999
1678 2041 1933 1488 3711 3336 2376 2352 1602 1336 1142 1274 1933 1258 716 396 258 191 102 81 59 52 50 48 52 25 14 11 8 9 7 7 8 10 10 13 25 33 24 33 55 57 123 421 696 279 479 203 106 156 107 70 49 47 48 45 44 42 44 49 48 48 53 83 228 217 225 259 304 485 940 976 869 843 -9999 -9999 -9999 -9999 -9999 -9999 -9999 -9999 -9999 -9999 -9999 -9999 -9999
3079 2728 3004 2077 4591 4516 4808 2046 1587 1880 1075 875 1838 540 355 412 485 311 146 73 52 46 43 41 38 29 9 7 8 7 5 6 6 7 10 14 47 73 60 37 72 72 96 347 576 472 380 405 162 203 150 78 52 48 45 46 44 47 49 58 113 59 54 69 253 320 267 269 352 445 517 921 802 827 -9999 -9999 -9999 -9999 -9999 -9999 -9999 -9999 -9999 -9999 -9999 -9999 -9999
2103 3026 3736 5829 6699 4832 3064 2255 2131 1646 970 1231 1086 372 306 435 562 281 124 73 42 30 27 28 26 21 9 8 8 6 7 7 6 7 8 12 34 72 89 58 139 97 56 316 1015 890 619 1247 363 153 130 85 65 51 43 44 47 55 55 256 549 441 67 67 181 414 324 748 398 393 1220 1488 816 466 472 -9999 -9999 -9999 -9999 -9999 -9999 -9999 -9999 -9999 -9999 -9999 -9999
1889 2891 3753 6312 6638 3191 2580 2286 1399 829 737 1048 915 427 390 391 306 220 112 66 48 26 23 24 26 23 11 11 9 9 9 7 6 7 10 14 17 27 33 32 80 67 45 238 1004 1063 749 432 534 317 202 125 82 68 49 47 50 56 54 401 613 616 386 159 148 420 662 671 428 482 1901 1848 2523 862 360 931 -9999 -9999 -9999 -9999 -9999 -9999 -9999 -9999 -9999 -9999 -9999
2704 3317 4048 6755 6899 3551 2099 2220 2036 1137 702 394 253 224 307 398 483 368 136 80 56 32 22 19 21 23 10 10 9 8 9 7 6 6 11 11 13 18 22 25 34 66 69 185 1663 3879 634 263 582 626 424 248 120 86 65 53 55 57 191 516 652 779 728 619 577 761 819 731 597 437 946 662 891 360 63 114 128 -9999 -9999 -9999 -9999 -9999 -9999 -9999 -9999 -9999 -9999
1789 2407 8021 5476 6952 4723 1875 2469 3155 1304 991 469 318 228 243 350 584 452 219 102 68 45 26 21 21 21 9 10 10 11 8 7 7 8 10 10 12 14 17 26 69 157 145 71 570 1100 677 316 454 416 447 464 190 97 76 66 64 73 423 674 784 861 761 844 1623 951 932 399 377 227 76 50 50 44 45 56 68 -9999 -9999 -9999 -9999 -9999 -9999 -9999 -9999 -9999 -9999
1729 2338 3503 5185 10260 5883 2151 2133 938 890 703 533 545 383 322 508 782 539 377 198 75 47 27 21 13 11 5 6 5 6 5 5 4 4 6 7 6 9 10 17 51 114 101 47 101 424 775 461 778 616 251 279 95 37 35 53 71 163 319 584 760 865 741 872 3617 2320 697 348 347 275 86 40 35 34 36 42 52 55 -9999 -9999 -9999 -9999 -9999 -9999 -9999 -9999 -9999
1022 2181 3741 9596 14085 8724 2822 2023 1003 820 483 513 670 581 1057 1013 666 396 176 103 35 25 15 13 12 11 4 4 4 4 4 4 4 4 4 4 4 4 6 10 17 33 31 20 15 33 303 642 973 909 91 83 106 48 38 51 80 104 199 238 354 670 989 2097 5305 2923 511 327 362 275 72 34 28 28 29 36 41 44 43 -9999 -9999 -9999 -9999 -9999 -9999 -9999 -9999
2234 2591 2869 5675 35726 8195 3484 1992 1159 1018 659 584 694 653 676 534 388 229 113 55 32 21 14 12 12 11 9 5 4 4 4 4 4 4 5 4 4 5 5 8 10 12 13 13 17 31 74 430 1036 770 152 94 97 58 62 82 168 162 101 97 108 351 704 1490 611 551 273 212 239 309 160 68 27 28 30 32 34 39 42 49 -9999 -9999 -9999 -9999 -9999 -9999 -9999
1130 1470 3523 5111 8878 6277 3064 2585 1211 1353 955 1228 1288 719 261 176 166 78 43 34 25 17 13 11 12 11 36 37 29 13 8 10 10 18 23 20 21 30 24 13 9 8 9 11 24 50 84 145 536 978 371 112 119 61 85 297 346 275 183 121 115 178 953 1295 520 230 261 207 206 285 309 144 36 30 33 37 30 41 40 45 -9999 -9999 -9999 -9999 -9999 -9999 -9999
1978 2377 3238 4978 6668 6325 3184 1299 1370 1618 1752 1761 1147 405 135 87 87 62 47 39 31 29 15 14 15 15 50 55 52 26 18 19 18 30 43 35 40 41 38 33 35 21 17 28 53 114 261 483 985 2166 540 148 165 253 179 271 404 408 467 181 213 306 1000 1281 751 317 117 133 159 278 388 139 37 30 29 28 27 36 36 43 65 -9999 -9999 -9999 -9999 -9999 -9999
1644 1781 2723 4058 5167 5717 4775 2099 1291 1455 1388 1412 648 223 151 165 112 66 59 56 46 32 20 24 23 20 70 84 73 32 28 70 71 97 146 72 95 132 69 43 40 37 39 42 59 99 202 440 1310 10828 1009 620 682 579 251 216 400 586 482 291 662 755 465 468 363 359 214 80 144 175 280 190 112 36 27 24 25 30 37 43 60 82 -9999 -9999 -9999 -9999 -9999
1609 1395 2269 2530 3426 3984 4115 2367 1656 1235 1372 1622 847 386 310 292 196 74 61 60 50 28 21 28 33 33 126 160 109 41 36 123 130 133 200 103 261 347 118 54 35 39 41 31 17 34 55 171 660 1650 796 646 610 629 421 222 330 416 402 606 1865 1162 380 133 81 128 292 175 115 147 187 165 96 38 29 27 25 31 39 46 70 239 137 -9999 -9999 -9999 -9999
1727 1674 1659 2076 2776 4068 5633 3318 1606 773 992 647 613 444 346 250 170 82 69 58 34 21 23 32 39 47 345 616 154 50 79 60 45 34 57 80 238 194 85 45 40 38 40 33 15 19 41 99 422 563 1455 2025 2715 2565 2810 1714 1347 561 656 1119 2386 1123 412 162 75 66 199 253 82 128 181 116 102 52 37 31 28 29 37 44 65 159 111 -9999 -9999 -9999 -9999
