GIS/ken_travel.asc
ncols         178
nrows         224
xllcorner     -67203.471654228
yllcorner     -518695.09422505
cellsize      5000
NODATA_value  -9999
[rows 138 to 183 of 224, columns 0 to 95 of 178]
150 131 98 73 57 55 53 52 60 72 57 62 50 27 20 23 25 13 11 16 19 14 12 18 28 32 22 37 35 42 23 17 27 34 47 81 95 114 139 189 216 379 238 67 52 147 106 112 109 124 86 68 63 44 34 17 6 11 9 13 30 69 47 31 35 26 32 19 21 31 32 19 35 23 23 32 57 63 83 89 97 81 69 63 59 66 73 108 113 124 120 132 86 102 103 101
150 138 107 81 72 54 60 68 73 71 62 49 33 26 16 21 35 62 13 17 28 21 16 21 31 32 33 43 54 40 27 21 22 26 46 69 98 90 108 116 106 234 226 72 71 133 122 129 120 110 88 76 72 54 39 34 20 10 12 13 19 23 23 25 24 20 26 15 16 22 25 18 18 18 30 40 66 96 129 115 112 87 83 56 59 70 85 120 111 111 138 93 78 111 90 86
134 114 91 79 65 91 54 54 48 49 62 34 19 11 17 25 37 40 21 16 28 22 19 30 34 30 36 50 54 39 33 33 31 26 56 65 120 77 84 84 92 115 116 71 83 120 138 133 112 108 93 79 74 54 51 38 23 13 19 15 27 41 40 27 22 18 15 15 11 16 22 12 16 15 29 55 63 135 146 106 109 86 76 55 62 72 87 104 98 96 93 85 77 86 87 92
-9999 98 66 46 50 40 36 34 31 35 34 26 15 11 26 34 47 57 40 23 24 33 33 34 49 48 38 34 38 37 27 48 32 26 33 48 66 82 60 66 73 87 94 72 64 100 112 144 101 89 78 76 69 91 110 93 74 54 17 18 17 91 51 40 29 20 15 15 8 9 13 9 15 27 38 56 53 120 108 87 98 84 75 52 63 69 79 98 87 84 74 72 84 86 119 106
-9999 -9999 -9999 30 28 24 20 19 15 15 14 11 4 18 26 42 67 63 53 40 38 30 34 43 128 126 70 53 37 33 32 49 58 60 42 43 39 38 43 45 59 81 80 65 63 83 91 87 77 79 67 70 62 49 46 54 29 21 17 15 13 24 32 25 22 17 13 9 12 4 5 11 16 18 22 32 36 48 74 69 76 78 71 65 52 58 71 66 65 63 67 76 92 99 108 120
-9999 -9999 -9999 -9999 -9999 26 31 31 14 12 11 8 3 11 24 46 59 75 61 50 49 33 85 57 83 86 68 70 49 41 46 72 148 102 58 44 41 70 42 45 45 74 69 61 66 71 93 76 66 60 56 61 54 33 28 27 23 27 30 14 11 20 27 17 15 14 12 16 6 2 0 1 10 9 12 16 38 35 53 62 65 62 66 55 48 68 60 56 62 69 82 76 108 109 114 132
-9999 -9999 -9999 -9999 -9999 -9999 -9999 21 15 17 7 5 1 14 17 35 52 61 153 107 88 38 109 99 87 100 88 79 65 66 67 117 59 55 52 60 63 84 92 66 60 51 53 55 56 54 55 57 44 43 45 43 35 33 61 47 41 62 29 10 8 16 16 14 11 7 12 9 5 0 1 2 5 9 12 12 24 38 50 49 51 50 53 43 51 56 53 72 70 80 90 73 90 99 128 129
-9999 -9999 -9999 -9999 -9999 -9999 -9999 -9999 -9999 10 9 10 10 8 12 16 35 67 133 83 42 41 104 143 128 77 72 75 76 74 63 61 77 98 129 78 129 90 95 91 67 56 70 72 64 79 51 50 53 54 48 42 51 64 58 61 67 57 35 12 5 6 7 4 4 3 5 0 2 7 27 20 21 25 32 33 20 23 26 27 37 35 49 63 47 48 75 74 82 83 77 73 89 106 161 141
-9999 -9999 -9999 -9999 -9999 -9999 -9999 -9999 -9999 -9999 20 8 14 21 40 16 19 43 64 65 35 49 106 120 92 64 59 57 62 64 66 126 192 202 156 95 109 181 115 81 62 66 108 136 86 87 75 73 78 74 89 106 72 80 99 107 79 69 56 24 1 4 0 0 4 2 0 0 2 11 39 47 59 54 48 43 34 29 25 34 38 42 51 74 71 60 52 55 63 62 64 78 86 132 148 154
-9999 -9999 -9999 -9999 -9999 -9999 -9999 -9999 -9999 -9999 -9999 -9999 11 31 43 30 35 39 24 31 31 52 61 55 47 52 51 76 92 74 73 123 237 273 184 107 106 200 137 88 67 64 124 139 106 125 82 118 84 122 150 134 131 140 126 97 94 78 41 26 2 0 1 0 2 2 0 0 5 20 28 34 33 41 51 60 57 31 30 27 51 61 56 69 77 68 62 62 57 61 71 84 90 120 145 138
-9999 -9999 -9999 -9999 -9999 -9999 -9999 -9999 -9999 -9999 -9999 -9999 -9999 -9999 52 50 44 63 80 37 44 39 41 41 45 67 77 122 100 71 73 141 211 277 226 156 115 156 87 69 110 71 108 165 158 118 107 160 99 114 199 198 158 135 139 107 123 94 28 17 2 0 0 0 0 0 0 3 3 7 10 19 17 25 24 24 23 39 29 27 51 54 69 74 78 88 105 78 68 59 66 86 88 108 170 125
-9999 -9999 -9999 -9999 -9999 -9999 -9999 -9999 -9999 -9999 -9999 -9999 -9999 -9999 -9999 -9999 60 64 87 57 83 112 76 73 64 78 75 102 133 73 77 149 172 214 210 156 102 96 75 80 113 87 84 136 192 139 140 213 139 121 194 193 173 162 187 114 127 82 30 19 6 1 2 0 0 0 0 1 12 23 15 22 29 24 14 15 22 26 27 33 42 56 55 58 61 62 65 97 73 62 54 67 75 95 149 112
-9999 -9999 -9999 -9999 -9999 -9999 -9999 -9999 -9999 -9999 -9999 -9999 -9999 -9999 -9999 -9999 -9999 -9999 89 80 101 98 85 79 90 84 93 106 117 77 94 130 137 163 152 145 149 77 83 101 102 83 76 119 194 166 179 234 164 134 190 207 185 218 173 101 117 77 28 17 7 1 4 3 4 3 0 12 20 36 27 46 47 12 12 21 31 24 21 25 34 41 47 47 48 51 59 48 48 50 53 60 102 76 133 116
-9999 -9999 -9999 -9999 -9999 -9999 -9999 -9999 -9999 -9999 -9999 -9999 -9999 -9999 -9999 -9999 -9999 -9999 -9999 109 108 112 100 92 93 110 102 101 93 92 105 125 119 142 94 89 85 80 154 195 157 127 78 125 186 275 221 234 178 159 219 212 193 254 179 95 82 70 45 26 10 6 0 0 12 25 9 3 14 21 35 58 28 8 21 19 31 33 17 16 22 24 27 30 33 36 42 50 63 65 64 59 73 67 75 78
-9999 -9999 -9999 -9999 -9999 -9999 -9999 -9999 -9999 -9999 -9999 -9999 -9999 -9999 -9999 -9999 -9999 -9999 -9999 -9999 -9999 124 115 114 115 120 115 95 85 91 109 122 98 96 118 154 105 112 185 253 243 145 81 98 187 275 261 244 232 236 230 211 240 256 207 129 80 77 30 20 7 5 11 19 33 50 17 0 0 6 20 58 26 8 5 10 21 13 13 18 37 28 36 42 41 56 53 62 70 77 70 63 65 103 75 77
-9999 -9999 -9999 -9999 -9999 -9999 -9999 -9999 -9999 -9999 -9999 -9999 -9999 -9999 -9999 -9999 -9999 -9999 -9999 -9999 -9999 -9999 -9999 124 123 128 130 99 86 95 111 109 102 113 179 175 119 110 207 261 242 144 87 94 173 237 269 316 310 256 272 288 298 191 141 104 54 59 54 35 11 21 33 29 52 38 18 2 8 8 7 15 12 5 3 5 6 9 20 28 41 32 31 46 63 61 72 83 87 89 87 67 95 96 125 98
-9999 -9999 -9999 -9999 -9999 -9999 -9999 -9999 -9999 -9999 -9999 -9999 -9999 -9999 -9999 -9999 -9999 -9999 -9999 -9999 -9999 -9999 -9999 -9999 -9999 151 135 111 90 96 97 101 116 151 196 207 155 117 146 223 259 161 100 88 158 174 215 303 327 286 285 306 248 164 85 54 43 52 18 17 18 36 64 40 54 62 15 4 21 28 23 10 9 9 0 1 5 17 29 40 42 31 38 48 65 83 80 105 97 101 98 66 104 90 173 131
-9999 -9999 -9999 -9999 -9999 -9999 -9999 -9999 -9999 -9999 -9999 -9999 -9999 -9999 -9999 -9999 -9999 -9999 -9999 -9999 -9999 -9999 -9999 -9999 -9999 -9999 125 113 99 92 97 111 118 148 155 147 136 172 143 184 233 239 125 96 106 126 170 276 303 346 368 283 228 141 56 32 28 35 36 65 34 47 62 58 48 54 24 11 33 41 31 14 12 8 13 16 14 28 38 53 51 38 49 59 75 79 106 120 113 118 92 72 83 92 126 137
-9999 -9999 -9999 -9999 -9999 -9999 -9999 -9999 -9999 -9999 -9999 -9999 -9999 -9999 -9999 -9999 -9999 -9999 -9999 -9999 -9999 -9999 -9999 -9999 -9999 -9999 -9999 -9999 107 100 106 125 142 139 155 195 203 213 157 155 171 238 117 95 169 139 168 263 270 308 356 278 222 130 36 52 65 115 117 116 52 70 106 89 36 19 13 22 48 41 39 24 14 14 14 14 31 40 52 63 66 40 46 73 86 98 132 122 132 109 104 99 76 105 114 138
-9999 -9999 -9999 -9999 -9999 -9999 -9999 -9999 -9999 -9999 -9999 -9999 -9999 -9999 -9999 -9999 -9999 -9999 -9999 -9999 -9999 -9999 -9999 -9999 -9999 -9999 -9999 -9999 -9999 -9999 109 129 144 176 197 262 270 257 181 154 143 176 119 101 170 177 185 317 245 298 301 264 208 127 37 95 135 164 175 127 65 80 122 94 23 16 27 29 73 57 49 43 28 24 11 12 21 63 47 59 95 42 58 77 90 114 135 131 133 121 142 80 78 144 126 127
-9999 -9999 -9999 -9999 -9999 -9999 -9999 -9999 -9999 -9999 -9999 -9999 -9999 -9999 -9999 -9999 -9999 -9999 -9999 -9999 -9999 -9999 -9999 -9999 -9999 -9999 -9999 -9999 -9999 -9999 -9999 -9999 153 170 257 355 368 319 252 196 131 124 105 129 207 308 306 257 218 267 221 215 180 100 38 86 173 231 196 104 85 114 95 85 24 19 34 78 72 88 59 41 26 24 27 23 18 26 29 49 57 40 64 85 106 116 137 153 145 152 169 94 79 91 104 112
-9999 -9999 -9999 -9999 -9999 -9999 -9999 -9999 -9999 -9999 -9999 -9999 -9999 -9999 -9999 -9999 -9999 -9999 -9999 -9999 -9999 -9999 -9999 -9999 -9999 -9999 -9999 -9999 -9999 -9999 -9999 -9999 -9999 -9999 311 394 426 332 262 220 164 112 105 155 291 439 298 168 175 195 151 135 146 66 48 112 139 166 175 118 109 89 64 76 23 28 55 59 79 75 58 49 40 28 41 36 33 42 26 30 31 41 52 61 83 88 165 157 171 204 184 133 106 81 95 122
-9999 -9999 -9999 -9999 -9999 -9999 -9999 -9999 -9999 -9999 -9999 -9999 -9999 -9999 -9999 -9999 -9999 -9999 -9999 -9999 -9999 -9999 -9999 -9999 -9999 -9999 -9999 -9999 -9999 -9999 -9999 -9999 -9999 -9999 -9999 388 401 308 216 174 137 138 119 164 264 422 251 145 139 148 109 90 115 48 74 118 129 150 173 126 133 78 60 38 29 34 52 66 78 89 95 49 49 28 31 56 46 57 47 58 36 51 52 66 83 95 112 195 204 179 197 158 127 100 87 90
-9999 -9999 -9999 -9999 -9999 -9999 -9999 -9999 -9999 -9999 -9999 -9999 -9999 -9999 -9999 -9999 -9999 -9999 -9999 -9999 -9999 -9999 -9999 -9999 -9999 -9999 -9999 -9999 -9999 -9999 -9999 -9999 -9999 -9999 -9999 -9999 -9999 302 213 174 185 157 141 143 230 361 257 174 125 110 91 75 77 51 97 124 139 144 131 107 142 63 58 32 39 42 57 93 111 137 126 56 63 49 33 37 52 55 52 60 37 52 64 74 87 103 121 195 241 188 194 138 126 117 110 89
-9999 -9999 -9999 -9999 -9999 -9999 -9999 -9999 -9999 -9999 -9999 -9999 -9999 -9999 -9999 -9999 -9999 -9999 -9999 -9999 -9999 -9999 -9999 -9999 -9999 -9999 -9999 -9999 -9999 -9999 -9999 -9999 -9999 -9999 -9999 -9999 -9999 -9999 -9999 212 186 170 146 151 218 408 318 215 154 147 131 99 63 53 88 136 185 128 107 93 79 78 56 33 52 104 71 81 104 115 122 73 63 53 35 38 71 72 61 56 39 63 73 88 91 109 126 184 241 210 165 144 135 156 95 93
-9999 -9999 -9999 -9999 -9999 -9999 -9999 -9999 -9999 -9999 -9999 -9999 -9999 -9999 -9999 -9999 -9999 -9999 -9999 -9999 -9999 -9999 -9999 -9999 -9999 -9999 -9999 -9999 -9999 -9999 -9999 -9999 -9999 -9999 -9999 -9999 -9999 -9999 -9999 -9999 -9999 244 226 255 317 406 350 256 188 190 198 134 79 68 83 166 201 141 158 116 90 66 57 40 61 98 94 115 103 123 99 112 83 63 48 41 61 98 127 110 46 55 69 104 106 111 133 155 167 196 208 154 163 164 96 100
-9999 -9999 -9999 -9999 -9999 -9999 -9999 -9999 -9999 -9999 -9999 -9999 -9999 -9999 -9999 -9999 -9999 -9999 -9999 -9999 -9999 -9999 -9999 -9999 -9999 -9999 -9999 -9999 -9999 -9999 -9999 -9999 -9999 -9999 -9999 -9999 -9999 -9999 -9999 -9999 -9999 -9999 -9999 313 355 336 297 277 222 210 170 105 90 107 123 163 224 199 171 119 101 111 138 57 46 57 77 128 126 147 112 138 130 95 61 53 45 69 91 101 45 62 72 125 118 122 149 155 165 182 209 192 172 148 140 101
-9999 -9999 -9999 -9999 -9999 -9999 -9999 -9999 -9999 -9999 -9999 -9999 -9999 -9999 -9999 -9999 -9999 -9999 -9999 -9999 -9999 -9999 -9999 -9999 -9999 -9999 -9999 -9999 -9999 -9999 -9999 -9999 -9999 -9999 -9999 -9999 -9999 -9999 -9999 -9999 -9999 -9999 -9999 -9999 455 282 222 203 206 187 127 108 117 161 206 232 279 222 144 121 130 86 68 53 47 61 76 102 120 166 131 131 165 170 105 74 50 47 55 53 54 86 99 124 152 137 140 156 170 175 188 233 171 130 105 103
-9999 -9999 -9999 -9999 -9999 -9999 -9999 -9999 -9999 -9999 -9999 -9999 -9999 -9999 -9999 -9999 -9999 -9999 -9999 -9999 -9999 -9999 -9999 -9999 -9999 -9999 -9999 -9999 -9999 -9999 -9999 -9999 -9999 -9999 -9999 -9999 -9999 -9999 -9999 -9999 -9999 -9999 -9999 -9999 -9999 -9999 221 178 157 148 136 152 186 240 278 315 275 196 143 157 144 121 102 53 60 114 126 106 124 138 157 147 161 221 158 124 72 62 54 56 69 82 88 106 129 115 126 186 161 159 171 218 179 121 106 110
-9999 -9999 -9999 -9999 -9999 -9999 -9999 -9999 -9999 -9999 -9999 -9999 -9999 -9999 -9999 -9999 -9999 -9999 -9999 -9999 -9999 -9999 -9999 -9999 -9999 -9999 -9999 -9999 -9999 -9999 -9999 -9999 -9999 -9999 -9999 -9999 -9999 -9999 -9999 -9999 -9999 -9999 -9999 -9999 -9999 -9999 -9999 -9999 180 174 182 203 228 318 356 293 219 173 164 152 106 86 73 60 53 67 123 157 156 191 170 166 177 218 116 90 99 102 76 60 59 66 75 89 93 100 113 147 140 152 151 137 156 110 146 120
-9999 -9999 -9999 -9999 -9999 -9999 -9999 -9999 -9999 -9999 -9999 -9999 -9999 -9999 -9999 -9999 -9999 -9999 -9999 -9999 -9999 -9999 -9999 -9999 -9999 -9999 -9999 -9999 -9999 -9999 -9999 -9999 -9999 -9999 -9999 -9999 -9999 -9999 -9999 -9999 -9999 -9999 -9999 -9999 -9999 -9999 -9999 -9999 -9999 -9999 264 282 302 351 320 269 191 153 134 125 106 116 108 65 66 82 89 137 154 158 159 185 170 180 120 105 139 111 70 59 91 63 66 70 88 89 105 120 120 138 148 124 122 123 159 139
-9999 -9999 -9999 -9999 -9999 -9999 -9999 -9999 -9999 -9999 -9999 -9999 -9999 -9999 -9999 -9999 -9999 -9999 -9999 -9999 -9999 -9999 -9999 -9999 -9999 -9999 -9999 -9999 -9999 -9999 -9999 -9999 -9999 -9999 -9999 -9999 -9999 -9999 -9999 -9999 -9999 -9999 -9999 -9999 -9999 -9999 -9999 -9999 -9999 -9999 -9999 -9999 382 359 273 227 176 196 185 181 183 177 121 70 61 74 116 122 140 151 182 178 174 148 129 124 115 96 86 64 128 114 93 75 72 77 91 99 108 126 135 109 110 151 213 205
-9999 -9999 -9999 -9999 -9999 -9999 -9999 -9999 -9999 -9999 -9999 -9999 -9999 -9999 -9999 -9999 -9999 -9999 -9999 -9999 -9999 -9999 -9999 -9999 -9999 -9999 -9999 -9999 -9999 -9999 -9999 -9999 -9999 -9999 -9999 -9999 -9999 -9999 -9999 -9999 -9999 -9999 -9999 -9999 -9999 -9999 -9999 -9999 -9999 -9999 -9999 -9999 -9999 350 253 201 204 269 297 267 220 128 88 73 60 79 99 134 170 152 162 199 217 203 196 186 147 123 80 66 117 189 172 143 90 84 80 88 102 114 121 107 121 164 246 230
-9999 -9999 -9999 -9999 -9999 -9999 -9999 -9999 -9999 -9999 -9999 -9999 -9999 -9999 -9999 -9999 -9999 -9999 -9999 -9999 -9999 -9999 -9999 -9999 -9999 -9999 -9999 -9999 -9999 -9999 -9999 -9999 -9999 -9999 -9999 -9999 -9999 -9999 -9999 -9999 -9999 -9999 -9999 -9999 -9999 -9999 -9999 -9999 -9999 -9999 -9999 -9999 -9999 -9999 -9999 221 258 315 348 306 216 110 98 81 63 72 89 116 128 144 179 197 242 225 241 218 159 153 109 70 94 169 216 181 115 95 86 86 95 104 118 109 118 171 209 220
-9999 -9999 -9999 -9999 -9999 -9999 -9999 -9999 -9999 -9999 -9999 -9999 -9999 -9999 -9999 -9999 -9999 -9999 -9999 -9999 -9999 -9999 -9999 -9999 -9999 -9999 -9999 -9999 -9999 -9999 -9999 -9999 -9999 -9999 -9999 -9999 -9999 -9999 -9999 -9999 -9999 -9999 -9999 -9999 -9999 -9999 -9999 -9999 -9999 -9999 -9999 -9999 -9999 -9999 -9999 -9999 -9999 315 247 220 178 125 134 96 69 65 127 116 154 177 226 198 211 210 219 191 170 148 137 91 71 130 187 232 185 148 109 95 89 107 104 114 120 143 172 201
-9999 -9999 -9999 -9999 -9999 -9999 -9999 -9999 -9999 -9999 -9999 -9999 -9999 -9999 -9999 -9999 -9999 -9999 -9999 -9999 -9999 -9999 -9999 -9999 -9999 -9999 -9999 -9999 -9999 -9999 -9999 -9999 -9999 -9999 -9999 -9999 -9999 -9999 -9999 -9999 -9999 -9999 -9999 -9999 -9999 -9999 -9999 -9999 -9999 -9999 -9999 -9999 -9999 -9999 -9999 -9999 -9999 -9999 -9999 160 142 149 187 107 78 73 91 113 196 245 283 241 219 195 216 240 225 172 134 124 75 120 175 255 260 225 144 108 100 94 101 119 126 144 153 169
-9999 -9999 -9999 -9999 -9999 -9999 -9999 -9999 -9999 -9999 -9999 -9999 -9999 -9999 -9999 -9999 -9999 -9999 -9999 -9999 -9999 -9999 -9999 -9999 -9999 -9999 -9999 -9999 -9999 -9999 -9999 -9999 -9999 -9999 -9999 -9999 -9999 -9999 -9999 -9999 -9999 -9999 -9999 -9999 -9999 -9999 -9999 -9999 -9999 -9999 -9999 -9999 -9999 -9999 -9999 -9999 -9999 -9999 -9999 -9999 194 225 225 208 78 73 100 156 188 222 240 206 215 169 208 227 271 221 188 114 78 120 172 203 189 207 184 168 158 114 98 115 124 133 154 163
-9999 -9999 -9999 -9999 -9999 -9999 -9999 -9999 -9999 -9999 -9999 -9999 -9999 -9999 -9999 -9999 -9999 -9999 -9999 -9999 -9999 -9999 -9999 -9999 -9999 -9999 -9999 -9999 -9999 -9999 -9999 -9999 -9999 -9999 -9999 -9999 -9999 -9999 -9999 -9999 -9999 -9999 -9999 -9999 -9999 -9999 -9999 -9999 -9999 -9999 -9999 -9999 -9999 -9999 -9999 -9999 -9999 -9999 -9999 -9999 -9999 -9999 171 292 87 75 140 158 145 173 198 157 179 160 187 178 230 247 197 116 80 121 137 158 158 170 242 208 163 110 102 117 119 129 141 154
-9999 -9999 -9999 -9999 -9999 -9999 -9999 -9999 -9999 -9999 -9999 -9999 -9999 -9999 -9999 -9999 -9999 -9999 -9999 -9999 -9999 -9999 -9999 -9999 -9999 -9999 -9999 -9999 -9999 -9999 -9999 -9999 -9999 -9999 -9999 -9999 -9999 -9999 -9999 -9999 -9999 -9999 -9999 -9999 -9999 -9999 -9999 -9999 -9999 -9999 -9999 -9999 -9999 -9999 -9999 -9999 -9999 -9999 -9999 -9999 -9999 -9999 -9999 -9999 82 82 150 142 156 147 143 142 137 137 157 167 159 173 161 119 81 101 119 138 160 163 231 150 145 126 142 105 107 140 143 149
-9999 -9999 -9999 -9999 -9999 -9999 -9999 -9999 -9999 -9999 -9999 -9999 -9999 -9999 -9999 -9999 -9999 -9999 -9999 -9999 -9999 -9999 -9999 -9999 -9999 -9999 -9999 -9999 -9999 -9999 -9999 -9999 -9999 -9999 -9999 -9999 -9999 -9999 -9999 -9999 -9999 -9999 -9999 -9999 -9999 -9999 -9999 -9999 -9999 -9999 -9999 -9999 -9999 -9999 -9999 -9999 -9999 -9999 -9999 -9999 -9999 -9999 -9999 -9999 -9999 -9999 137 148 170 166 153 182 143 147 130 146 140 122 111 94 94 139 186 211 238 242 217 162 148 160 155 116 112 118 138 149
-9999 -9999 -9999 -9999 -9999 -9999 -9999 -9999 -9999 -9999 -9999 -9999 -9999 -9999 -9999 -9999 -9999 -9999 -9999 -9999 -9999 -9999 -9999 -9999 -9999 -9999 -9999 -9999 -9999 -9999 -9999 -9999 -9999 -9999 -9999 -9999 -9999 -9999 -9999 -9999 -9999 -9999 -9999 -9999 -9999 -9999 -9999 -9999 -9999 -9999 -9999 -9999 -9999 -9999 -9999 -9999 -9999 -9999 -9999 -9999 -9999 -9999 -9999 -9999 -9999 -9999 -9999 -9999 166 194 195 225 172 137 128 135 142 130 132 103 89 141 194 199 207 225 262 176 197 175 141 122 112 116 131 147
-9999 -9999 -9999 -9999 -9999 -9999 -9999 -9999 -9999 -9999 -9999 -9999 -9999 -9999 -9999 -9999 -9999 -9999 -9999 -9999 -9999 -9999 -9999 -9999 -9999 -9999 -9999 -9999 -9999 -9999 -9999 -9999 -9999 -9999 -9999 -9999 -9999 -9999 -9999 -9999 -9999 -9999 -9999 -9999 -9999 -9999 -9999 -9999 -9999 -9999 -9999 -9999 -9999 -9999 -9999 -9999 -9999 -9999 -9999 -9999 -9999 -9999 -9999 -9999 -9999 -9999 -9999 -9999 -9999 -9999 277 183 154 141 123 124 133 151 126 130 108 126 128 144 164 172 204 203 201 192 192 139 128 117 125 127
-9999 -9999 -9999 -9999 -9999 -9999 -9999 -9999 -9999 -9999 -9999 -9999 -9999 -9999 -9999 -9999 -9999 -9999 -9999 -9999 -9999 -9999 -9999 -9999 -9999 -9999 -9999 -9999 -9999 -9999 -9999 -9999 -9999 -9999 -9999 -9999 -9999 -9999 -9999 -9999 -9999 -9999 -9999 -9999 -9999 -9999 -9999 -9999 -9999 -9999 -9999 -9999 -9999 -9999 -9999 -9999 -9999 -9999 -9999 -9999 -9999 -9999 -9999 -9999 -9999 -9999 -9999 -9999 -9999 -9999 -9999 177 165 145 130 122 119 113 117 99 102 111 131 150 166 194 203 240 195 193 244 147 146 132 122 123
-9999 -9999 -9999 -9999 -9999 -9999 -9999 -9999 -9999 -9999 -9999 -9999 -9999 -9999 -9999 -9999 -9999 -9999 -9999 -9999 -9999 -9999 -9999 -9999 -9999 -9999 -9999 -9999 -9999 -9999 -9999 -9999 -9999 -9999 -9999 -9999 -9999 -9999 -9999 -9999 -9999 -9999 -9999 -9999 -9999 -9999 -9999 -9999 -9999 -9999 -9999 -9999 -9999 -9999 -9999 -9999 -9999 -9999 -9999 -9999 -9999 -9999 -9999 -9999 -9999 -9999 -9999 -9999 -9999 -9999 -9999 -9999 -9999 170 149 165 161 128 113 111 100 112 127 145 200 246 273 260 253 167 215 180 161 145 145 154
-9999 -9999 -9999 -9999 -9999 -9999 -9999 -9999 -9999 -9999 -9999 -9999 -9999 -9999 -9999 -9999 -9999 -9999 -9999 -9999 -9999 -9999 -9999 -9999 -9999 -9999 -9999 -9999 -9999 -9999 -9999 -9999 -9999 -9999 -9999 -9999 -9999 -9999 -9999 -9999 -9999 -9999 -9999 -9999 -9999 -9999 -9999 -9999 -9999 -9999 -9999 -9999 -9999 -9999 -9999 -9999 -9999 -9999 -9999 -9999 -9999 -9999 -9999 -9999 -9999 -9999 -9999 -9999 -9999 -9999 -9999 -9999 -9999 -9999 -9999 160 191 145 116 105 103 119 138 171 200 250 233 208 189 177 165 194 169 173 156 151
-9999 -9999 -9999 -9999 -9999 -9999 -9999 -9999 -9999 -9999 -9999 -9999 -9999 -9999 -9999 -9999 -9999 -9999 -9999 -9999 -9999 -9999 -9999 -9999 -9999 -9999 -9999 -9999 -9999 -9999 -9999 -9999 -9999 -9999 -9999 -9999 -9999 -9999 -9999 -9999 -9999 -9999 -9999 -9999 -9999 -9999 -9999 -9999 -9999 -9999 -9999 -9999 -9999 -9999 -9999 -9999 -9999 -9999 -9999 -9999 -9999 -9999 -9999 -9999 -9999 -9999 -9999 -9999 -9999 -9999 -9999 -9999 -9999 -9999 -9999 -9999 -9999 156 158 134 101 122 146 130 167 173 147 131 133 134 163 177 154 158 164 178
