GIS/ken_population.asc
ncols         178
nrows         224
xllcorner     -67203.471654228
yllcorner     -518695.09422505
cellsize      5000
NODATA_value  -9999
[rows 78 to 116 of 224, columns 0 to 86 of 178]
-9999 -9999 -9999 -9999 -9999 -9999 -9999 -9999 -9999 -9999 -9999 -9999 -9999 -9999 -9999 -9999 -9999 -9999 -9999 -9999 -9999 -9999 -9999 -9999 -9999 972 538 878 531 186 223 307 484 479 394 262 510 198 69 35 52 307 345 152 99 80 193 844 695 500 366 536 554 372 350 489 785 768 198 82 191 367 407 198 260 656 101 104 130 101 124 120 133 245 293 143 171 226 169 137 403 572 120 88 88 69 60
-9999 -9999 -9999 -9999 -9999 -9999 -9999 -9999 -9999 -9999 -9999 -9999 -9999 -9999 -9999 -9999 -9999 -9999 -9999 -9999 -9999 -9999 -9999 -9999 1504 2060 566 486 724 744 1107 486 233 273 301 394 1452 996 328 44 67 159 155 103 94 83 90 266 578 317 266 522 608 899 801 864 771 367 150 93 113 371 336 432 562 550 257 238 338 191 106 113 116 163 233 256 254 244 161 152 351 445 311 97 86 61 66
-9999 -9999 -9999 -9999 -9999 -9999 -9999 -9999 -9999 -9999 -9999 -9999 -9999 -9999 -9999 -9999 -9999 -9999 -9999 -9999 -9999 -9999 -9999 -9999 1389 3462 1749 2647 1240 474 649 600 224 254 278 3731 1805 586 283 66 94 159 130 89 97 105 85 192 200 186 183 225 502 778 832 394 245 247 164 146 159 234 205 1039 11131 501 177 373 585 271 159 292 271 210 264 395 359 209 113 112 277 381 228 115 107 103 76
-9999 -9999 -9999 -9999 -9999 -9999 -9999 -9999 -9999 -9999 -9999 -9999 -9999 -9999 -9999 -9999 -9999 -9999 -9999 -9999 -9999 -9999 -9999 -9999 1371 2398 2457 2450 253 281 524 713 566 676 319 1140 888 386 257 115 204 152 118 80 122 124 60 182 191 133 81 80 223 526 762 247 244 266 213 140 230 301 109 480 2260 270 121 392 498 252 132 284 426 647 331 298 485 206 111 103 104 154 178 281 251 167 119
-9999 -9999 -9999 -9999 -9999 -9999 -9999 -9999 -9999 -9999 -9999 -9999 -9999 -9999 -9999 -9999 -9999 -9999 -9999 -9999 -9999 -9999 -9999 -9999 1458 2727 1825 694 349 952 917 1637 1525 1749 734 533 1134 739 520 465 263 204 132 76 73 93 108 151 209 172 184 83 123 608 963 612 326 232 182 148 84 108 95 147 472 128 150 1052 226 157 105 286 689 652 106 108 112 141 106 71 92 98 126 221 416 222 179
-9999 -9999 -9999 -9999 -9999 -9999 -9999 -9999 -9999 -9999 -9999 -9999 -9999 -9999 -9999 -9999 -9999 -9999 -9999 -9999 -9999 -9999 -9999 -9999 1729 2761 2413 1755 901 1519 1967 2857 2074 2644 895 504 1408 1635 979 693 372 477 215 137 124 132 124 154 220 242 218 117 77 399 512 370 318 206 168 84 66 81 125 214 181 107 114 231 170 157 127 188 387 483 96 83 55 46 76 62 96 115 259 202 122 248 277
-9999 -9999 -9999 -9999 -9999 -9999 -9999 -9999 -9999 -9999 -9999 -9999 -9999 -9999 -9999 -9999 -9999 -9999 -9999 -9999 -9999 -9999 -9999 -9999 3693 2642 2428 823 399 2130 4059 1576 1848 3864 697 478 667 660 443 341 514 533 342 221 191 181 161 271 358 299 235 163 68 172 338 228 207 276 171 65 72 82 242 223 86 67 92 205 184 182 180 198 229 297 69 56 35 42 47 49 57 85 81 82 84 170 624
-9999 -9999 -9999 -9999 -9999 -9999 -9999 -9999 -9999 -9999 -9999 -9999 -9999 -9999 -9999 -9999 -9999 -9999 -9999 -9999 -9999 -9999 -9999 2537 2866 1448 1547 558 494 1672 1858 1127 948 1262 666 748 1097 658 376 348 507 454 508 405 284 240 174 144 203 297 276 243 101 44 79 92 77 102 122 118 135 117 202 135 77 61 60 175 185 183 183 205 213 207 71 41 40 38 35 22 19 32 47 78 85 201 495
-9999 -9999 -9999 -9999 -9999 -9999 -9999 -9999 -9999 -9999 -9999 -9999 -9999 -9999 -9999 -9999 -9999 -9999 -9999 -9999 -9999 598 1166 1785 3418 2384 1343 700 709 1206 1334 792 958 1771 1503 1021 735 535 358 452 416 651 953 576 296 238 169 160 246 322 154 111 94 43 32 40 38 82 125 124 151 126 221 161 99 95 46 127 216 162 286 447 260 174 115 47 44 41 34 27 16 22 36 73 109 198 307
-9999 -9999 -9999 -9999 -9999 -9999 -9999 -9999 -9999 -9999 -9999 -9999 -9999 -9999 -9999 -9999 -9999 -9999 -9999 -9999 -9999 1244 1534 2277 9217 2430 914 1098 1737 2009 1342 1043 2532 3668 3072 1833 705 793 522 495 554 1011 581 587 436 353 260 193 148 129 77 59 42 30 28 26 36 67 107 96 114 158 335 128 84 105 50 48 124 131 340 271 116 86 65 65 113 87 39 37 21 20 43 135 295 365 289
-9999 -9999 -9999 -9999 -9999 -9999 -9999 -9999 -9999 -9999 -9999 -9999 -9999 -9999 -9999 -9999 -9999 -9999 -9999 -9999 810 1207 1906 2028 1754 1295 808 1474 1391 1758 1590 1865 6815 5800 4071 1448 1237 920 612 521 704 925 737 645 664 529 259 200 122 131 83 51 34 26 23 23 35 52 67 75 130 265 219 167 132 186 74 47 75 152 328 292 80 50 49 91 191 145 48 40 38 42 107 255 633 747 309
-9999 -9999 -9999 -9999 -9999 -9999 -9999 -9999 -9999 -9999 -9999 -9999 -9999 -9999 -9999 -9999 -9999 -9999 -9999 105 714 706 999 984 1440 1190 1257 1968 1944 1353 2256 2636 4722 4317 4502 5829 2954 1503 767 742 1011 959 694 580 2199 1510 202 208 205 177 90 100 227 122 52 33 33 37 57 113 201 324 341 308 598 596 303 71 67 136 213 147 78 51 44 68 110 80 44 40 45 63 110 178 484 231 89
-9999 -9999 -9999 -9999 -9999 -9999 -9999 -9999 -9999 -9999 -9999 -9999 -9999 -9999 -9999 -9999 -9999 -9999 -9999 -9999 424 547 875 1951 2224 1595 2164 1917 3684 3704 3143 2883 2943 5116 3854 3066 3780 5006 2147 1075 884 759 486 309 330 327 310 164 232 353 154 344 642 197 144 134 60 31 52 184 461 390 367 377 538 926 586 96 73 146 109 133 77 59 52 75 83 67 74 74 58 65 99 153 215 89 86
-9999 -9999 -9999 -9999 -9999 -9999 -9999 -9999 -9999 -9999 -9999 -9999 -9999 -9999 -9999 -9999 -9999 -9999 -9999 -9999 -9999 834 1056 1731 1832 3180 7176 4891 8305 7988 4531 5556 4927 4213 4161 2630 2636 5141 4129 1608 756 887 578 344 283 898 547 192 181 234 187 300 631 376 322 253 108 36 57 221 541 530 494 432 457 538 756 211 150 102 70 93 80 72 97 171 181 164 182 178 97 70 131 247 145 54 61
-9999 -9999 -9999 -9999 -9999 -9999 -9999 -9999 -9999 -9999 -9999 -9999 -9999 -9999 -9999 -9999 -9999 -9999 -9999 -9999 1797 2576 4218 4368 6621 6177 33159 14784 6180 4904 5358 5516 5181 3072 2990 2249 2473 3857 6126 3981 2054 1407 903 644 339 602 463 544 181 347 170 112 130 303 205 99 118 67 111 507 1120 667 636 717 408 456 425 554 331 108 87 175 136 146 201 253 257 206 194 155 93 89 149 263 88 30 28
-9999 -9999 -9999 -9999 -9999 -9999 -9999 -9999 -9999 -9999 -9999 -9999 -9999 -9999 -9999 -9999 -9999 1198 8469 3687 5611 3991 8507 10115 10430 8967 13620 9207 3377 2385 4054 3094 3334 2730 2779 1547 2408 4584 4511 2413 2491 1846 1214 647 483 389 384 631 584 223 202 152 87 95 73 68 84 99 492 1177 1108 750 902 1032 675 487 346 332 550 128 113 288 245 253 264 275 276 217 163 94 59 182 198 103 40 31 26
-9999 -9999 -9999 -9999 -9999 -9999 -9999 -9999 -9999 -9999 -9999 -9999 -9999 -9999 -9999 -9999 238 392 1857 4339 7881 6915 7228 9131 16171 6224 11917 10492 2094 600 1541 2322 2778 2287 2913 2028 1927 2510 2707 1792 1735 976 880 738 896 431 279 357 1174 1488 1327 178 92 89 62 73 91 127 781 1643 969 1263 2637 1140 694 407 252 277 467 194 142 270 270 268 232 231 270 222 109 58 69 243 226 53 36 53 47
-9999 -9999 -9999 -9999 -9999 -9999 -9999 -9999 -9999 -9999 -9999 -9999 -9999 -9999 -9999 533 706 761 5222 11785 9210 7586 7532 7199 11531 8968 10156 11106 4932 4036 1540 1471 1918 3232 2991 1538 1267 4763 5047 1900 792 385 696 1175 553 412 310 430 1317 1612 1062 473 121 65 64 77 147 273 484 1074 1314 4178 15073 915 371 503 272 109 108 171 275 235 258 206 254 281 236 120 64 44 83 292 288 51 44 58 58
-9999 -9999 -9999 -9999 -9999 -9999 -9999 -9999 -9999 -9999 -9999 -9999 -9999 336 78 30 146 420 2386 5978 8808 7284 8155 17236 19463 10813 12592 11348 8277 8324 9213 6315 2139 3215 3400 1393 1334 11763 4427 1950 852 341 288 391 518 542 463 462 663 886 875 668 903 76 82 113 171 296 540 1368 1943 4961 14012 1466 267 378 293 113 123 146 326 400 322 277 338 196 189 109 54 46 78 154 79 43 68 67 47
-9999 -9999 -9999 -9999 -9999 -9999 -9999 -9999 -9999 -9999 -9999 -9999 -9999 121 27 13 16 170 1017 3355 8159 8539 7843 42699 103601 25573 15000 18992 12801 10132 8942 11461 7281 3477 4737 1036 2053 6221 2708 870 728 273 218 327 520 690 745 711 635 1235 1276 1041 4387 1226 121 114 187 394 622 1138 1238 1885 1926 1654 997 673 541 152 124 198 282 481 449 316 496 959 880 296 78 45 49 64 42 47 65 53 32
-9999 -9999 -9999 -9999 -9999 -9999 -9999 -9999 -9999 -9999 -9999 -9999 -9999 101 62 20 16 354 3313 5990 8849 13971 11592 14321 14306 20676 13819 13114 7968 11028 7692 8074 7706 3503 4990 3997 7982 6784 2187 940 792 297 409 569 386 697 1618 1729 2401 1735 1308 1100 1690 2240 848 139 184 288 435 891 952 734 595 943 1102 674 481 176 159 248 197 280 201 234 787 3964 7140 597 153 45 37 50 49 66 207 55 23
-9999 -9999 -9999 -9999 -9999 -9999 -9999 -9999 -9999 -9999 -9999 -9999 -9999 84 86 107 69 136 5745 11054 14626 16016 12769 11936 10302 11198 15144 10650 4804 6603 8625 7092 8750 4687 4445 4669 4200 6695 2338 496 418 373 356 431 756 1013 1302 1796 1080 790 650 812 1231 832 1438 373 159 313 396 948 637 448 612 1867 1822 970 368 271 271 228 169 174 146 202 554 949 413 228 124 56 41 51 53 94 302 67 26
-9999 -9999 -9999 -9999 -9999 -9999 -9999 -9999 -9999 -9999 -9999 -9999 323 2022 3142 4099 187 368 13398 13891 13333 17300 25076 11288 9933 7026 16757 26224 7310 8590 11539 8590 4565 2717 3371 4927 3932 4610 898 888 445 566 677 646 836 1127 984 784 666 586 623 864 679 370 549 477 505 234 426 555 692 885 976 929 1030 1591 646 303 499 451 314 183 140 93 135 324 452 257 146 86 57 55 44 61 60 40 32
-9999 -9999 -9999 -9999 -9999 -9999 -9999 -9999 -9999 -9999 -9999 10301 14355 7345 10166 13963 10332 15761 16940 16462 16713 17792 10269 9407 9894 8955 19973 35207 8689 8213 7229 5999 4113 3437 3178 3106 3191 2281 785 1083 970 974 1553 778 733 689 704 706 783 464 695 689 720 684 1402 1615 5891 1483 560 483 715 1623 1614 660 530 1392 690 342 517 717 623 340 158 119 113 210 281 287 291 147 77 67 42 37 34 34 31
-9999 -9999 -9999 -9999 -9999 -9999 -9999 -9999 -9999 -9999 -9999 15550 17400 19046 16927 18450 16320 23151 29174 24403 17236 14407 12104 12279 14263 15628 12932 14189 4577 4936 4289 5235 4461 4470 3561 5160 5011 1562 969 1452 1290 772 2049 830 877 889 541 681 482 338 333 817 1232 1227 2070 1721 2849 373 291 232 385 501 315 219 248 715 802 453 432 393 563 456 234 366 342 256 220 192 232 116 74 60 38 40 36 40 45
-9999 -9999 -9999 -9999 -9999 -9999 -9999 -9999 -9999 10800 10189 12736 11913 14161 22677 21517 16140 16799 19343 20539 16138 14841 15417 14916 12910 11112 13066 12720 4811 3517 4444 5447 4065 2424 2642 7328 3841 679 816 1612 1614 1464 4387 1743 822 866 524 1362 510 418 539 746 724 684 1377 2645 1250 404 277 216 229 158 117 130 312 476 840 873 496 220 169 149 214 408 506 381 210 193 153 79 53 66 51 66 78 73 75
-9999 -9999 -9999 -9999 -9999 -9999 -9999 -9999 -9999 11636 11820 12834 11416 12331 15543 15752 14265 14671 20905 18119 16766 19542 15678 14751 8762 6626 8289 9099 7361 5841 3989 6044 2911 4080 4453 7589 2599 1047 848 1759 2447 3293 7614 3735 1375 691 657 912 633 686 763 354 436 389 665 975 509 257 367 410 312 117 74 101 214 247 306 618 518 269 167 91 96 135 183 231 226 116 143 115 57 58 160 162 180 114 130
-9999 -9999 -9999 -9999 -9999 -9999 -9999 -9999 18959 10542 10082 14170 14781 20577 16680 15554 14682 12528 16881 14877 14105 11000 7928 12337 8078 7341 6176 8173 10970 5005 4779 4444 1655 3461 6389 19418 3064 1525 1591 1519 1400 4882 9608 3672 1393 625 544 205 84 527 241 533 583 484 438 185 217 406 440 710 594 147 66 73 129 174 196 606 704 643 285 111 80 136 192 181 360 239 176 123 140 172 422 1861 1317 124 128
-9999 -9999 -9999 -9999 -9999 -9999 7556 11801 14995 12120 13803 15988 15893 16680 27963 16056 20814 12705 17623 36416 15944 17718 13922 18318 12370 14172 8080 16188 8341 6660 5504 5460 2091 4770 5963 7081 3775 2464 2428 1584 2140 7362 8204 2050 717 525 1185 739 1 223 271 268 343 179 130 181 177 411 483 401 412 131 61 59 99 242 559 547 834 722 417 117 65 171 432 415 422 489 434 256 348 468 1029 2779 1350 70 52
-9999 -9999 -9999 -9999 -9999 9689 10393 11741 11975 9890 13842 14037 12743 14139 62300 14480 17565 6795 12885 22734 18117 14018 9406 8307 8003 7734 6177 4682 6399 40304 13402 21028 3782 4378 5001 6649 3318 2142 2810 2189 1917 5886 5267 1108 619 442 1714 3257 107 567 451 215 152 177 271 291 189 420 840 382 155 72 67 48 112 283 1258 821 704 692 250 95 56 175 399 396 394 350 393 237 670 621 478 277 279 59 41
-9999 -9999 -9999 -9999 -9999 14285 12812 10990 10909 8952 10844 13301 14365 14125 23439 14235 11534 9986 14471 12758 13451 11686 8401 7737 6295 6943 7831 6969 4963 51256 112830 35757 5844 6162 6344 6649 3227 1508 1744 1559 3790 6798 3062 951 689 617 2041 3320 1909 1077 794 530 389 343 365 483 752 1413 873 341 118 117 105 85 117 271 1306 718 1048 1003 621 367 249 362 430 389 487 339 170 150 196 209 256 336 222 264 252
-9999 -9999 -9999 -9999 -9999 13305 11196 10982 9920 9880 12099 14990 14391 13372 15735 14668 14696 15196 13713 11767 12831 11852 10829 6938 6347 8295 7625 7545 4919 12210 76125 15149 5636 4689 3610 2723 6173 1692 2172 2261 8420 19866 5272 1678 925 771 8199 6277 3295 621 934 831 1863 4003 2982 1594 1796 864 590 349 173 190 132 202 203 199 315 797 1404 928 593 685 623 747 353 197 368 337 217 250 219 248 527 528 274 593 515
-9999 -9999 -9999 -9999 34563 20669 10644 19926 11106 11540 15166 16227 15878 16467 14951 14362 14042 14005 14205 12999 14283 14140 10362 8094 8740 6415 8887 7489 3781 7078 6364 5315 3651 4908 5833 2215 3722 2942 1849 1239 721 7803 7579 1277 613 672 2476 3041 2996 441 1067 1369 3395 7607 5250 3764 2102 677 264 259 172 424 516 272 175 103 222 872 475 312 304 719 915 729 591 217 180 261 325 386 317 309 1125 701 429 972 977
-9999 -9999 -9999 -9999 6029 12050 10627 13645 13015 12554 13346 15544 20499 12520 9639 15647 15865 13466 17655 18008 19376 15123 12417 9701 5396 7782 9809 7441 6507 7411 4665 5801 6484 3961 8248 4019 7569 7445 2003 911 1145 4799 3225 664 525 719 541 1179 1852 849 858 1839 3564 6982 5230 6755 2199 578 299 320 188 605 599 180 113 88 124 247 265 293 444 835 1203 641 607 311 285 324 427 477 417 1349 8564 659 447 592 1341
-9999 -9999 -9999 -9999 9739 12917 12815 15570 12988 14933 14193 13855 36326 21936 14580 19188 17876 15599 17760 19884 14187 3268 5679 5076 4816 7196 7107 6284 6582 4823 5058 5998 7847 5923 7326 4859 9576 8478 1719 800 1142 2631 2558 602 579 603 294 780 1374 672 1170 1993 3248 3138 1367 2979 2265 1398 630 942 941 1070 437 266 130 91 94 153 272 317 588 809 571 698 528 364 488 518 506 557 740 33772 18599 1083 907 703 1145
-9999 -9999 -9999 8881 16275 9824 16104 11498 11336 9776 9508 13270 18631 21940 18346 17607 15637 15647 58417 34605 8387 9 1000 6711 3139 7595 7106 8310 8024 6268 9803 11444 5542 4135 4958 5555 4155 5042 4126 1271 1539 2098 3616 752 910 811 465 586 557 495 854 3806 5335 4751 2706 2221 1494 2290 2750 1860 986 834 344 147 87 119 77 108 142 209 346 356 398 565 702 664 635 722 463 706 1117 2005 1780 1121 1847 1227 1853
-9999 -9999 4554 9662 10176 8969 10661 11982 8220 7712 10255 14186 17460 19564 15352 14067 11994 17375 37720 29631 20705 860 678 9676 3477 9474 10838 9008 4470 7473 8262 6300 6665 5469 5348 5837 5877 4215 2178 2060 2218 2152 1889 1067 1193 608 661 574 442 340 1078 2015 2594 4000 3030 2117 1780 2607 6386 2542 639 373 167 84 97 138 152 146 127 212 315 193 281 286 338 349 372 604 396 428 2086 2290 1671 2112 2077 3620 3607
-9999 -9999 9506 7165 8016 7633 10970 10204 14672 10470 12280 13500 23692 27414 18079 21427 17439 21461 26712 31688 23258 2108 4294 14982 12857 12099 26288 17081 9158 10397 10837 9040 6927 8559 8991 5399 6514 7257 3650 4923 2184 2493 1793 1463 1190 591 516 480 293 541 1010 2176 1259 4526 6042 3835 2128 2566 2102 1314 581 250 147 92 115 198 388 315 248 830 613 318 437 391 356 341 648 762 688 866 2455 1907 2464 2938 4428 11780 21453
-9999 1524 11332 10383 7834 8379 9701 10119 14993 11456 11373 10249 17871 24066 20357 19660 15637 21612 21812 19215 21702 12408 16742 12819 9102 6302 12170 14045 11525 12248 8676 8522 3071 5123 6342 1899 3622 4624 4771 1902 1507 3083 1648 1754 2146 858 722 514 442 1861 1535 2567 3437 2259 5984 7133 1957 2000 647 749 216 173 188 169 150 243 496 356 293 1020 860 546 640 400 563 419 759 1042 585 1273 3521 3473 3968 9837 7405 17197 17913
