GIS/ken_pfpr2to10.asc
ncols         178
nrows         224
xllcorner     -67203.471654228
yllcorner     -518695.09422505
cellsize      5000
NODATA_value  -9999
[rows 27 to 53 of 224, columns 62 to 123 of 178]
0 0 0 0.05370992 0.05286356 0.04537594 0.05001959 0.04399182 0.04217939 0.04618663 0.05275377 0.05204529 0.04667841 0.03960889 -9999 -9999 -9999 -9999 -9999 -9999 -9999 -9999 -9999 -9999 -9999 -9999 -9999 -9999 -9999 -9999 -9999 -9999 -9999 -9999 -9999 -9999 -9999 -9999 -9999 -9999 -9999 -9999 -9999 -9999 -9999 -9999 -9999 -9999 -9999 -9999 -9999 -9999 -9999 -9999 -9999 -9999 -9999 -9999 -9999 -9999 -9999 -9999
0 0 0 0 0.05326536 0.04833852 0.04900088 0.05972857 0.05429465 0.05017426 0.04837267 0.05368958 0.04775539 0.06296744 0.05407674 -9999 -9999 -9999 -9999 -9999 -9999 -9999 -9999 -9999 -9999 -9999 -9999 -9999 -9999 -9999 -9999 -9999 -9999 -9999 -9999 -9999 -9999 -9999 -9999 -9999 -9999 -9999 -9999 -9999 -9999 -9999 -9999 -9999 -9999 -9999 -9999 -9999 -9999 -9999 -9999 -9999 -9999 -9999 -9999 -9999 -9999 -9999
0.053766 0.05197349 0 0.05252261 0.05238381 0.05482278 0.05912076 0.06171143 0.04654357 0.04604853 0.05169164 0.0487623 0.04836497 0.05381156 0.05041862 0.04254497 0.03013289 -9999 -9999 -9999 -9999 -9999 -9999 -9999 -9999 -9999 -9999 -9999 -9999 -9999 -9999 -9999 -9999 -9999 -9999 -9999 -9999 -9999 -9999 -9999 -9999 -9999 -9999 -9999 -9999 -9999 -9999 -9999 -9999 -9999 -9999 -9999 -9999 -9999 -9999 -9999 -9999 -9999 -9999 -9999 -9999 -9999
0 0 0.04805357 0.04976263 0 0.05029275 0.05456891 0.05708021 0.04964761 0.04510261 0.0566829 0.04695045 0.05579475 0.04814827 0.04364923 0.04937491 0.04697825 0.05365003 -9999 -9999 -9999 -9999 -9999 -9999 -9999 -9999 -9999 -9999 -9999 -9999 -9999 -9999 -9999 -9999 -9999 -9999 -9999 -9999 -9999 -9999 -9999 -9999 -9999 -9999 -9999 -9999 -9999 -9999 -9999 -9999 -9999 -9999 -9999 -9999 -9999 -9999 -9999 -9999 -9999 -9999 -9999 -9999
0 0.04687268 0.04787385 0.04780804 0 0.04192118 0.05203541 0.05366307 0.06099631 0.06178448 0.0508817 0.0463006 0.05136398 0.0455232 0.04847058 0.04665973 0.05670824 0.05517144 0.05137591 0.03902381 -9999 -9999 -9999 -9999 -9999 -9999 -9999 -9999 -9999 -9999 -9999 -9999 -9999 -9999 -9999 -9999 -9999 -9999 -9999 -9999 -9999 -9999 -9999 -9999 -9999 -9999 -9999 -9999 -9999 -9999 -9999 -9999 -9999 -9999 -9999 -9999 -9999 -9999 -9999 -9999 -9999 -9999
0.05205196 0.04353521 0.04747532 0.05179931 0.04717575 0.04354725 0.05805375 0.05675434 0.06039683 0.05835579 0.05063687 0.05560171 0.05137664 0.04374694 0.03893842 0.0421754 0.05536606 0.05294011 0.04931317 0.05154045 0.04904463 -9999 -9999 -9999 -9999 -9999 -9999 -9999 -9999 -9999 -9999 -9999 -9999 -9999 -9999 -9999 -9999 -9999 -9999 -9999 -9999 -9999 -9999 -9999 -9999 -9999 -9999 -9999 -9999 -9999 -9999 -9999 -9999 -9999 -9999 -9999 -9999 -9999 -9999 -9999 -9999 -9999
0.04867126 0.04554823 0.05281783 0.05555847 0.04507343 0.04645352 0.05860101 0.05199805 0.05615294 0.05694488 0.04674054 0.05533616 0.05347896 0.04635915 0.04779107 0.0458165 0.05114314 0.05922455 0.05906002 0.05149303 0.04972376 0.05041049 -9999 -9999 -9999 -9999 -9999 -9999 -9999 -9999 -9999 -9999 -9999 -9999 -9999 -9999 -9999 -9999 -9999 -9999 -9999 -9999 -9999 -9999 -9999 -9999 -9999 -9999 -9999 -9999 -9999 -9999 -9999 -9999 -9999 -9999 -9999 -9999 -9999 -9999 -9999 -9999
0.04916428 0.04894795 0.05061802 0.0524977 0.04962473 0.05507593 0.04872774 0.05256869 0.05429582 0.05286841 0.05050512 0.05042754 0.05291577 0.05525669 0.05292875 0.04963696 0.06095936 0.05851318 0.061323 0.04962749 0.06113007 0.05850548 0.05426601 0.03765079 -9999 -9999 -9999 -9999 -9999 -9999 -9999 -9999 -9999 -9999 -9999 -9999 -9999 -9999 -9999 -9999 -9999 -9999 -9999 -9999 -9999 -9999 -9999 -9999 -9999 -9999 -9999 -9999 -9999 -9999 -9999 -9999 -9999 -9999 -9999 -9999 -9999 -9999
0.04461042 0.05079637 0.04536731 0.04299746 0.04341589 0.05413742 0.0526168 0.05319712 0.05371009 0.05013066 0.0434596 0.04593159 0.04867102 0.0511084 0.04919966 0.04616446 0.05917747 0.05704816 0.05356623 0.04774493 0.05565681 0.05615789 0.05910132 0.06208772 0.03891641 0.03665624 -9999 -9999 -9999 -9999 -9999 -9999 -9999 -9999 -9999 -9999 -9999 -9999 -9999 -9999 -9999 -9999 -9999 -9999 -9999 -9999 -9999 -9999 -9999 -9999 -9999 -9999 -9999 -9999 -9999 -9999 -9999 -9999 -9999 -9999 -9999 -9999
0.03975043 0.05174968 0.04207896 0.04072221 0.0417355 0.05389308 0.05308192 0.05188723 0.04698414 0.04590059 0.04048312 0.04333473 0.04305251 0.04429667 0.05239399 0.05867453 0.06107662 0.04957179 0.04421784 0.04917693 0.05021511 0.04917121 0 0.06387357 0.05360517 0.04507099 0.03324884 -9999 -9999 -9999 -9999 -9999 -9999 -9999 -9999 -9999 -9999 -9999 -9999 -9999 -9999 -9999 -9999 -9999 -9999 -9999 -9999 -9999 -9999 -9999 -9999 -9999 -9999 -9999 -9999 -9999 -9999 -9999 -9999 -9999 -9999 -9999
0.03940606 0.04689064 0.0468533 0.04826 0.04909633 0.0482006 0.04661416 0.05269177 0.05143124 0.04327923 0.04338497 0.03909239 0.04157044 0.04575739 0.05064531 0.05474321 0.0532675 0.04041044 0.03999882 0.05151175 0.05633609 0.05200892 0 0.06444298 0.05657027 0.04409572 0.04347963 0.03114606 0.0278309 -9999 -9999 -9999 -9999 -9999 -9999 -9999 -9999 -9999 -9999 -9999 -9999 -9999 -9999 -9999 -9999 -9999 -9999 -9999 -9999 -9999 -9999 -9999 -9999 -9999 -9999 -9999 -9999 -9999 -9999 -9999 -9999 -9999
0.03872504 0.04242279 0.04919862 0.04850454 0.04738712 0.05451894 0.05349125 0.04808316 0.04924268 0.04859122 0.0413103 0.04045012 0.03716433 0.0416273 0.04549678 0.04578045 0.03895922 0.04687895 0.05101131 0.05775586 0.05169635 0.06328781 0 0.05198839 0.05641987 0.05026859 0.0536137 0.05389255 0.04294197 0.04402771 -9999 -9999 -9999 -9999 -9999 -9999 -9999 -9999 -9999 -9999 -9999 -9999 -9999 -9999 -9999 -9999 -9999 -9999 -9999 -9999 -9999 -9999 -9999 -9999 -9999 -9999 -9999 -9999 -9999 -9999 -9999 -9999
0.03833358 0.03753983 0.04942065 0.0476012 0.04589131 0.05302327 0.05234057 0.04986284 0.05039281 0.03415703 0.03666084 0.04065437 0.04459619 0.0439614 0.04581452 0.03760815 0.04244308 0.04502995 0.05002911 0.04999779 0.05182816 0 0 0.06658095 0.05581783 0.05982528 0.05475701 0.06032198 0.05725938 0.05001993 0.0492966 -9999 -9999 -9999 -9999 -9999 -9999 -9999 -9999 -9999 -9999 -9999 -9999 -9999 -9999 -9999 -9999 -9999 -9999 -9999 -9999 -9999 -9999 -9999 -9999 -9999 -9999 -9999 -9999 -9999 -9999 -9999
0.03987179 0.03814207 0.04488935 0.04201392 0.04192439 0.04176686 0.04325476 0.04047617 0.03814259 0.03408652 0.04249882 0.04496104 0.03639952 0.03592999 0.03632402 0.04067857 0.04790199 0.04636974 0.05410538 0.05646987 0.05714363 0.05243385 0.06670974 0.0645074 0.06054325 0.0589011 0.06007113 0.06620394 0.0620627 0.05846406 0.05488702 0.0464111 0.04828724 0.05325734 0.06150814 0.06200727 0.05334795 0.05284623 0.05325261 0.05965285 0.05039922 0.05219601 0.04964445 -9999 0.053629 -9999 -9999 -9999 -9999 -9999 -9999 -9999 -9999 -9999 -9999 -9999 -9999 -9999 -9999 -9999 -9999 -9999
0.03652041 0.03696233 0.0407953 0.0339158 0.03508144 0.03829115 0.03785398 0.03756889 0.03480759 0.03474008 0.03918335 0.03688774 0.03485665 0.03785656 0.044324 0.04051076 0.04154789 0.04460718 0.04753244 0.05418517 0.05585197 0 0.06586242 0.06466309 0.05573882 0 0 0.0720522 0.07117558 0.05549219 0.05661796 0.0506451 0.05159369 0.05486148 0.04632225 0.0610813 0.05456482 0.05602355 0.05289671 0.05852983 0.05796917 0.05672174 0.04980114 0.04869222 0.06088727 0.05915933 -9999 -9999 -9999 -9999 -9999 -9999 -9999 -9999 -9999 -9999 -9999 -9999 -9999 -9999 -9999 -9999
0.03581044 0.03672282 0.03372166 0.03977073 0.03561955 0.03575587 0.03617566 0.03680298 0.03907867 0.03683137 0.04000255 0.03804708 0.03851163 0.0456409 0.04959215 0.04699608 0.04322691 0.04379035 0.04900652 0.05218929 0 0 0.07092748 0.0654656 0.07673252 0.08009361 0.06994247 0.06796989 0 0.05730116 0.05615609 0.05495569 0 0.0559785 0.04439495 0.05685393 0.05040169 0.05129141 0.05743929 0.06014112 0.0547759 0.05245373 0.04917404 0.04653304 0.05193517 0.0536348 0.05153188 0.04712266 0.03673143 0.03544035 0.04180303 0.04834083 0.05884475 0.05591665 -9999 -9999 -9999 -9999 -9999 -9999 -9999 -9999
0.03245672 0 0.03647921 0.03494999 0.0341008 0.04097285 0.03689155 0.03778546 0.03532443 0.03849115 0.03833328 0.03547398 0.03435724 0.0478451 0.04918709 0.04714892 0.05092931 0.04914086 0.05127929 0.0461029 0 0.06523782 0.06838793 0.0700144 0 0 0.0680336 0.06186014 0 0 0.05387279 0.05416852 0.05669215 0 0.04603577 0.0558297 0 0 0.06070153 0.05877396 0.05334328 0.05119526 0.05284653 0.04953611 0.04930597 0.05697724 0.05285872 0.05404747 0.05344943 0.05021676 0.05384708 0.05302065 0.05534562 0.04980832 0.05493048 0.05067037 0.04611062 0.03549633 0.03681644 -9999 -9999 -9999
0 0.03305073 0.03176868 0.03427776 0.03601109 0.03372943 0.03982937 0 0.04071851 0.03936984 0.03724683 0.03208268 0.0314192 0.03520162 0.04264585 0.04053814 0.04220704 0.04898531 0.0492537 0.0469817 0.07098719 0.06445613 0.06649218 0 0 0.06740753 0 0.06597561 0.06208804 0.05856614 0.05492727 0.05984831 0.05813574 0.05315452 0.05235266 0.05111695 0.05335565 0.05479001 0.05284498 0.05557874 0.04955703 0.05659558 0.05116454 0.05098651 0.05212248 0.04939681 0.05024103 0.06112117 0.05635374 0.05773643 0.0587452 0.05141481 0.05094786 0.05563343 0.05567611 0.05779489 0.05377906 0.05219781 0.05485733 0.05737846 0.05700413 0.05887225
0.03270516 0.0323242 0.03036349 0.03492755 0.0328097 0.0339201 0.0329914 0.03530451 0.03869683 0.04097793 0.03844443 0.03776332 0.0308478 0.03381082 0.04244179 0.0429306 0.04911782 0.0506044 0.05498534 0.05709073 0.07262718 0.06575322 0.06707613 0.068067 0 0.07081961 0.0653981 0.06117848 0.05276192 0.06122847 0.05862002 0.05805435 0.05657974 0.05625255 0.05281844 0.05148468 0.04769555 0.04777107 0.04718084 0.04813569 0.05144744 0.05406162 0.05377459 0.0569232 0.05390496 0.05530867 0.04516451 0.05871642 0.05602744 0.05944949 0.05786611 0.05297058 0.04941682 0.05241244 0.05313394 0.05265963 0.05149608 0.05084067 0.05269244 0.057436 0.04571378 0.05093218
0.03268322 0.03402245 0 0.03520053 0.03874319 0.03245109 0.032472 0.03383297 0.0342312 0.03741125 0.03799086 0.03777976 0.03148278 0.03555454 0.03916847 0.05308451 0.04390183 0.04508384 0.04903252 0 0.07760859 0.06999642 0.07045089 0.07263895 0.07608901 0.06262297 0.06569932 0.05859165 0.05106636 0.05123252 0.06261183 0.05678971 0.05954568 0.05724677 0.05257196 0.04756922 0.03523935 0.04572744 0.04658031 0.04615645 0.04720424 0.0473805 0.04907069 0.04877041 0.04411647 0.04866295 0.05578003 0.05183375 0.05538647 0.0595985 0.05618523 0.05563068 0.04947342 0.05062568 0.05253822 0.05474954 0.05891959 0.05519179 0.05675436 0.05389137 0.04227789 0.05103722
0.03378756 0.03077824 0.03219052 0.02990552 0.03142492 0.03298246 0.03482606 0.03505659 0.03524733 0.0346869 0.04264167 0.04005007 0.0305572 0.03558908 0 0.03999145 0.04171396 0.04591699 0 0 0.06799348 0.06561337 0.07139542 0.08347964 0.06482857 0.06392809 0.06257027 0.05796675 0.05272935 0.05077807 0.05646099 0.0606742 0.05994496 0.05570645 0.04971627 0.0481212 0.03946644 0.03801011 0.04606579 0.04620868 0.05015795 0.04720236 0.04496219 0.05826027 0.04732685 0.04615911 0.05154639 0.05193615 0.05205612 0.05241675 0.0532818 0.0507986 0.05273867 0.04855923 0.05235501 0.05953037 0.05032048 0.05721143 0.05468597 0.0599557 0.05133753 0.06209593
0.03386604 0.03194758 0.03462514 0.0315645 0.0413149 0.03216496 0.03258591 0 0.03634401 0.03945942 0.0395527 0.03732795 0.02998092 0.03163522 0.03259878 0 0 0 0.04840032 0.05076643 0.06230366 0.06819502 0.07116659 0.07212261 0.06700464 0.06383163 0.06051391 0.05939522 0.06501827 0.05083498 0.05247609 0.06139817 0.06043349 0.05952579 0.05676276 0.05141626 0.04566954 0.05015413 0.04834986 0.04582072 0.05184563 0.05005521 0.04588093 0.06203391 0.05826331 0.05709013 0.04551071 0.04867123 0.04750194 0.04688042 0.04944593 0.05917517 0.05335782 0.0513784 0.05278135 0.05000239 0.04712072 0.05087906 0.05624961 0.05398567 0.05782856 0.06138649
0.03343944 0.02648957 0.0315369 0.02702387 0.03032557 0.03191931 0.0317293 0.03186374 0.03039588 0.03460818 0.0345034 0.03340263 0.03832276 0.03163648 0.02993616 0.03731616 0 0.04185776 0.05833674 0.05202001 0.05837087 0.06370151 0.06506546 0.05982557 0.06492683 0.06630965 0.06082776 0.06344178 0.06438416 0.05398287 0.05222029 0.05186173 0.055476 0.05487613 0.05669159 0.05527106 0.04744186 0.04639869 0.0486806 0.05052326 0.0517014 0.05421175 0.05118503 0.0602084 0.06671858 0.05329397 0.049808 0.04518726 0.04283335 0.0486966 0.04996122 0.06765109 0.06723879 0.04962548 0.05671846 0.05208382 0.05184484 0.0502792 0.04641087 0.06637293 0.04437289 0.04921439
0.03145811 0.02586615 0.02720038 0.02852258 0.02840382 0.02870796 0.03117694 0.02987149 0.02914266 0 0 0.03142912 0.03474893 0.03622517 0.02965873 0.02964289 0.03060331 0.03784386 0.04203852 0.04723883 0.05265934 0.05556467 0.05439012 0.05258063 0.05221378 0.05772647 0.05534297 0.05310887 0.05713454 0.04880323 0.0512794 0.05011567 0.04900657 0.05645699 0.05929965 0.0553611 0.0474235 0.05393466 0.06151976 0.05856017 0.05911142 0.05112188 0.05072704 0.04946937 0.05247046 0.04670102 0.05162667 0.04711585 0.04390229 0.04182505 0.05930841 0.05892745 0.06579929 0.04940197 0.06198467 0.0594899 0.05147948 0.04213119 0.05124829 0.06175836 0.05657508 0.05956801
0.02625004 0.02833147 0.02735887 0.02778851 0.02752752 0.03193089 0.02916909 0.02945875 0.03256512 0.03778866 0.04028038 0.03199518 0.03141543 0.03642048 0.03295663 0.03240047 0.03300217 0.03873226 0.04182177 0.04056828 0.04193078 0.04118814 0.05133247 0.05225312 0.05201853 0.04975297 0.05215928 0.04944746 0.05037287 0.04785957 0.05444146 0 0.04766602 0.0510598 0.05704055 0.05871948 0.06139286 0.05995581 0.05194368 0.05225955 0.05476585 0.05721962 0.05615959 0.04630958 0.04772231 0.0469348 0.05015188 0.0436866 0.04540457 0.04248667 0.06309104 0.05648133 0.05029437 0.04823272 0.05451692 0.05646834 0.05658058 0.04182682 0.05179086 0.0689742 0.05987648 0.05579073
0.02759371 0.02604161 0.02580794 0.02922839 0.03334125 0.03640329 0.03341443 0.03099999 0.03407435 0.04057536 0.04017737 0.03076572 0.02816642 0.02877697 0.0341221 0.03038569 0.03376164 0.03784687 0.04072341 0.04437796 0.03765469 0.03733686 0.04604647 0.05003213 0.04919674 0.04995938 0.04972561 0.0538627 0.05097628 0.04870156 0.05534229 0 0.05553817 0.0502359 0.05672418 0.0602034 0.05992343 0.05733285 0.05863766 0.05342586 0.04699427 0.05351213 0 0.05423807 0.05056411 0.04735613 0.05318982 0.04091492 0.04950294 0.04254625 0.04428139 0.05427038 0.05272925 0.04736428 0.05538763 0.0484376 0.05274231 0.05440034 0.05244086 0.06833787 0.06340972 0.05776444
0.02930043 0.02527472 0.02833797 0.03339319 0.03228203 0.03320485 0.03440681 0.0338524 0.03620518 0.0439348 0.03955139 0.03032576 0.02651344 0.02880419 0.02967141 0.03101175 0.02866874 0.03822685 0.03673065 0.03825979 0.04318854 0.04425422 0.04460695 0.0433597 0.0458085 0.04418686 0.05065628 0.05511712 0.05353724 0.04977657 0.0557018 0.05253946 0.05173985 0.05108665 0.05321596 0.05928538 0.06122742 0.05846811 0.05545215 0.04768998 0 0 0 0.04939223 0.04556648 0.04466211 0.04598155 0.04105958 0.04565176 0.04913076 0.04113521 0.0594252 0.05576825 0.04726396 0.05090395 0.04785423 0.04735227 0.05448125 0.04582676 0.06700481 0.0615637 0.06539269
