GIS/ken_pfpr2to10.asc
ncols         178
nrows         224
xllcorner     -67203.471654228
yllcorner     -518695.09422505
cellsize      5000
NODATA_value  -9999
[rows 135 to 161 of 224, columns 62 to 123 of 178]
0 0 0 0 0.02908762 0.03449915 0.03687386 0.03854637 0.03167742 0.03415693 0.0361314 0.03526268 0.03972099 0.04003054 0.03902834 0.04129988 0.03695684 0.0389926 0.04344315 0.0459477 0.03794577 0.04725422 0.05484242 0.05854829 0.04170337 0.04140461 0.03407643 0.04492978 0.04668281 0.05492924 0.05716784 0.05860547 0.06578738 0.05608503 0.04810789 0.04996787 0.05535375 0.05706657 0.05155166 0.05365642 0.05124267 0.06008772 0.06449334 0.05353909 0.05259139 0.05900674 0.05479602 0.04968598 0.04809633 0.05106751 0.05412159 0.05222835 0.05509645 0.05533292 0.04942882 0.04903312 0.04604093 0.04631401 0.04860127 0.05157645 0.05196279 0.04793422
0 0 0 0 0.02717653 0.03096874 0.0345586 0.03864546 0.0311698 0.03164487 0.03543826 0.03279 0.03798442 0.03794904 0.04272403 0.04083999 0.0374976 0.03558806 0.03565166 0.03766179 0.04196297 0.04654102 0.05276292 0.05502518 0.04726504 0.04911503 0.03809585 0.04526269 0.05341906 0.05899075 0.06208442 0.05612426 0.06316113 0.05473154 0.05060381 0.0525887 0.05679234 0.05576218 0.0598347 0.05309583 0.05582102 0.05975629 0.07643301 0.06480628 0.06079237 0.0639623 0.05614864 0.05671933 0.05241393 0.05176976 0.05214434 0.04914976 0.05422036 0.05810339 0.05310513 0.05469063 0.054248 0.05065708 0.05113085 0.05013031 0.05135231 0.0526909
0 0 0 0 0.02766956 0.03282961 0.03358404 0.03361669 0.03359763 0.03842498 0.03823829 0.03862317 0.03881935 0.03850617 0.03865452 0.03739563 0.03851812 0.04018451 0.04279188 0.04122573 0.0416954 0.04954276 0.0415457 0.04957132 0.05129714 0.04913416 0.04818285 0.05438997 0.05157537 0.05973047 0.06011276 0.05922791 0.05716747 0.05335439 0.05710391 0.05473318 0.05531853 0.0591711 0.05573071 0.05770499 0.05676906 0.05704495 0.06630381 0.05937038 0.05885165 0.0553254 0.05865457 0.05858351 0.06362385 0.05084329 0.05487613 0.05478588 0.0567322 0.0559639 0.06191535 0.05927514 0.05831789 0.05285721 0.05275332 0.05525397 0.05543607 0.05171118
0 0 0 0 0 0.03277301 0.03791856 0.03603723 0.03445197 0.03848765 0.03760358 0.04150972 0.04362663 0.0416103 0.03912009 0.03868544 0.03764197 0.03955604 0.03872479 0.04183756 0.04339357 0.03965813 0.04547207 0.04514011 0.03991326 0.04503715 0.04648797 0.05286757 0.05853186 0.05361631 0.05250663 0.06773122 0.05734235 0.05680429 0.05827617 0.05635066 0.05430141 0.05055442 0.05039579 0.05950251 0.05160774 0.05089982 0.06471838 0.06906595 0.06151849 0.0680231 0.06118356 0.0649124 0.06053622 0.05137281 0.05279095 0.05243558 0.05344898 0.05513933 0.0515083 0.05480675 0.05514655 0.05132243 0.05478162 0.05467423 0.05686658 0.05569142
0 0 0 0.03100646 0.0334094 0.03171058 0.03709369 0.03300237 0.03645806 0.03609698 0.03535142 0.04028422 0.04403928 0.04361983 0.04136816 0.04085504 0.03577167 0.03333601 0.04175193 0.03760312 0.04097011 0.03569167 0.04863129 0.04482359 0.04134013 0.0462275 0.05567619 0.05694417 0.06299767 0.05885939 0.06180151 0.05840481 0.06195129 0.05279638 0.06657577 0.05618202 0.05334338 0.04649271 0.05029823 0.0592306 0.05799378 0.05453793 0.05955851 0.06243367 0.05578046 0.06599955 0.06945255 0.06717649 0.06856875 0.05387638 0.05444443 0.05334329 0.05466428 0.05720428 0.05190302 0.05016294 0.05124706 0.05089414 0.05063002 0.05331406 0.05537321 0.05212593
0 0 0 0.03314394 0.0347832 0.03586695 0.03196816 0.03507528 0.03728685 0.03777942 0.03560179 0.03706167 0.0392218 0.04359041 0.04513892 0.0480067 0.04107641 0.037402 0.03407715 0.03453814 0.03363203 0.04736148 0.04915493 0.04195582 0.04539256 0.04894309 0.05603617 0.0535916 0.0562785 0.05220651 0.06708895 0.05380244 0.05597897 0.04924217 0.06005619 0.05044195 0.06089818 0.05845793 0.05809559 0.05132571 0.05884754 0.05757124 0.06483524 0.06524529 0.0557064 0.0626349 0.06759807 0.06913599 0.06437662 0.06126009 0.04969184 0.05096769 0.04976233 0.05054807 0.05006465 0.05230849 0.05150983 0.04817929 0.05291209 0.05267983 0.05123845 0.05300085
0 0 0.03163113 0.03014472 0.03152161 0.03583067 0.03354625 0.03619152 0.03303465 0.03764395 0.03697468 0.03437136 0.03765818 0.03916707 0.03852605 0.04145557 0.04119745 0.03695356 0.03100968 0.03168336 0.03399906 0.04439234 0.04142983 0.04296111 0.04370319 0.05072636 0.04854274 0.0507639 0.049889 0.05199627 0.06053741 0.05776833 0.05295132 0.04710026 0.05147317 0.04579346 0.05855617 0.05018577 0.0485523 0.0504603 0.05879895 0.0563078 0.05996962 0.05967413 0.0518034 0.05706765 0.05895796 0.06415144 0.06237246 0.06354254 0.051801 0.04975926 0.04917884 0.05034564 0.05113222 0.05022938 0.04940356 0.04848754 0.04953907 0.0488504 0.04660243 0.04968485
0 0.03028225 0.03441853 0.03686696 0.03291622 0.03388099 0.03349288 0.0333409 0.03248546 0.03388484 0.03227006 0.03318516 0.03669467 0.03515283 0.04271445 0.0388324 0.04119176 0.04364358 0.03339072 0.03422547 0.03599673 0.04095528 0.0420048 0.04166638 0.04228594 0.04053916 0.0504336 0.0462606 0.04842978 0.05350656 0.05411303 0.05331464 0.05295102 0.04900442 0.0490479 0.04701137 0.04971343 0.05184021 0.05074295 0.05094258 0.05585757 0.05847815 0.06175794 0.05843832 0.05429792 0.05616928 0.06801448 0.06292608 0.06100991 0.05705004 0.05011349 0.04838968 0.04918641 0.05075216 0.05041154 0.05155749 0.05127707 0.04774687 0.0475165 0.0458023 0.04523268 0.04950817
0 0.03311214 0.03713569 0.03907533 0.03531242 0.03323282 0.03131738 0.0326051 0.03240547 0.03133237 0.03062681 0.03289463 0.03386403 0.03510876 0.04190904 0.04878584 0.04416344 0.04235326 0.04151122 0.04260599 0.04040657 0.04262536 0.03508381 0.03342674 0.04183888 0.04207917 0.04379292 0.04101777 0.04341334 0.04441128 0.04872364 0.04991423 0.05381364 0.05292461 0.05567055 0.05162752 0.04716834 0.05367952 0.05191416 0.05076327 0.05239826 0.05533255 0.05744701 0.06069338 0.06314015 0.06705195 0.06909828 0.06053521 0.06026227 0.05600518 0.04928581 0.04855685 0.0498245 0.0472626 0.04564048 0.04807016 0.04908071 0.04473856 0.04394594 0.04563861 0.04097035 0.04223069
0 0.03500311 0.04025399 0.03439801 0.03448845 0.03135585 0.03164238 0.03355387 0.03249054 0.03154286 0.0325478 0.03353076 0.02955146 0.03903612 0.04279748 0.04169155 0.04051835 0.03422832 0.04321751 0.04380122 0.03933228 0.04338355 0.04027454 0.03578115 0.04032389 0.04009957 0.03773627 0.0384074 0.03936828 0.0384086 0.04220075 0.04747694 0.05278849 0.05253621 0.0638385 0.04909251 0.05233267 0.05228435 0.06047954 0.05212425 0.05536013 0.05199777 0.05468483 0.0496977 0.04624816 0.05315983 0.06811687 0.06090327 0.05718753 0.05323941 0.04993584 0.05123346 0.04745692 0.04804185 0.04909991 0.04839344 0.04530927 0.0436719 0.04504716 0.04654042 0.04766193 0.04987232
0 0 0 0.03703859 0.0349256 0 0.03511244 0.03443782 0.03580247 0.0317091 0.03144077 0.03144559 0.02846897 0.03854603 0.03929049 0.04308516 0.04486981 0.04261617 0.03293567 0.03491517 0.03337394 0.04957079 0.04160192 0.04388332 0.03811939 0.03728973 0.03831079 0.03659176 0.03921104 0.03879336 0.04289225 0.04494882 0.05797437 0.05079761 0.06401679 0.05114347 0.05092983 0.0604673 0.06313875 0.05925604 0.05353662 0.05595379 0.05362741 0.05372315 0.05792281 0.06329798 0.06193318 0.06112515 0.05590006 0.05542943 0.05328571 0.05401869 0.05492648 0.05481365 0.05647258 0.05170508 0.04966692 0.0506109 0.04738875 0.04904504 0.05175599 0.05427292
0 0 0 0 0 0 0.03572696 0.03474895 0.03502696 0.03404529 0.03487252 0.03277993 0.03130211 0.04128159 0.03650846 0.03904342 0.04159239 0.04105801 0.03630459 0.03577087 0.03206271 0.04544801 0.04076974 0.03502007 0.0384123 0.03632706 0.03481177 0.03502401 0.03964368 0.03632133 0.04335512 0.04262523 0.04853955 0.05100221 0.05955701 0.05830548 0.05655792 0.05920752 0.06575194 0.0627711 0.05532861 0.05106735 0.05356861 0.04671312 0.05938758 0.06571782 0.06128028 0.0594105 0.05583051 0.05816368 0.05216548 0.05416731 0.05504639 0.05397147 0.0594134 0.05911298 0.0548959 0.05311062 0.05094053 0.05293806 0.05749726 0.05977026
0 0 0 0 0 0 0.03501777 0.03107361 0.03504403 0.0346779 0.0380713 0.03154842 0.03076168 0.04036024 0.03533642 0.03837318 0.04710305 0.04691778 0.03824562 0.04067361 0.04487903 0.04211478 0.0408624 0.03658638 0.03738503 0.04208644 0.03656734 0.04158048 0.04192305 0.03438291 0.03759229 0.05175445 0.04282012 0.04734873 0.054689 0.06602497 0.06803955 0.05980855 0.06684548 0.06031203 0.04929571 0.04535411 0.04191441 0.04840983 0.05603324 0.06548588 0.05947626 0.05960603 0.05602562 0.05348219 0.06079975 0.05605591 0.05897206 0.05862344 0.05945583 0.05826898 0.05540867 0.05227097 0.05409373 0.05971279 0.06353763 0.06358103
0 0 0 0 0 0 0.03284745 0.03117079 0.03395907 0.03846179 0.03865451 0.03678165 0.03602673 0.03517906 0.03972351 0.0353813 0.04328912 0.0454281 0.04238847 0.03943591 0.04548304 0.0422122 0.04732141 0.04518049 0.03798034 0.04890428 0.0416705 0.04185833 0.04261871 0.03616409 0.03807424 0.05206648 0.04022866 0.04420236 0.05974155 0.06474292 0.06463616 0.06071194 0.06144294 0.06752505 0.04714055 0.05548811 0.04337114 0.05289705 0.06739715 0.06472047 0.06403614 0.0557482 0.05635669 0.05235374 0.05155279 0.04972844 0.05145563 0.05197993 0.05133729 0.04632888 0.04710701 0.04805206 0.0519998 0.05091394 0.05020264 0.05217195
0 0 0 0 0 0 0.03510681 0.03014361 0.03363027 0.03709022 0.03834414 0.03673155 0.03826262 0.0370869 0.03932799 0.03868077 0.03810007 0.04845604 0.0521723 0.0445569 0.04233213 0.04327127 0.04402446 0.05006849 0.04225646 0.04584551 0.04644318 0.04369165 0.04330655 0.0402292 0.03958918 0.05032768 0.05032625 0.04720677 0.05666378 0.06687262 0.05987226 0.06670225 0.06843797 0.06674593 0.05190454 0.04966743 0.05707235 0.06321395 0.0648421 0.06116119 0.06544535 0.06614696 0.05769788 0.05646098 0.0587275 0.05712877 0.06110411 0.05331435 0.05312617 0.05646896 0.04761149 0.04548309 0.05068756 0.0486685 0.04940626 0.05007169
0 0 0.0341201 0.03348669 0 0.03692266 0.03914823 0.03156854 0.03172033 0.03709411 0.03757629 0.03323082 0.03724512 0.04178702 0.04215486 0.04281632 0.04072592 0.05006697 0.05270215 0.05157133 0.05227473 0.04376798 0.04189022 0.04765258 0.04976363 0.04848788 0.0486306 0.04711294 0.04606315 0.04472191 0.04076886 0.05092532 0.0535186 0.05072073 0.05600414 0.05879801 0.05396209 0.06387481 0.07156365 0.06461205 0.06505621 0.06610041 0.06174377 0.06464881 0.06911951 0.06445028 0.07398431 0.06822834 0.06281693 0.0589455 0.05965218 0.05654564 0.05611784 0.05498087 0.05271589 0.0531121 0.05239386 0.05357428 0.0569448 0.05233513 0.04893917 0.05221456
0 0.0333733 0.03530449 0.03503002 0.03893187 0.03321355 0.02861523 0.02989415 0.03288353 0.03526221 0.03528601 0.03148457 0.03360005 0.03831774 0.04866617 0.04386197 0.04473764 0.0501891 0.04889494 0.05731528 0.0569747 0.0466963 0.04602401 0.04956388 0.05142052 0.05362448 0.05233209 0.04852768 0.04848975 0.0487214 0.0498059 0.05309588 0.05484633 0.05178994 0.05700256 0.0498759 0.04690279 0.05193731 0.06757376 0.07245713 0.06972259 0.07083546 0.07237586 0.07107159 0.06933524 0.06433865 0.06791016 0.05191936 0.06104968 0.05691704 0.05487361 0.05546493 0.05939428 0.05502154 0.05436642 0.05306086 0.05517201 0.05538277 0.05864868 0.05407348 0.04845009 0.04773702
0.0376308 0.03736262 0.0357949 0.03501483 0.03494334 0.0317222 0.02936387 0.03234221 0.03552873 0.03814919 0.02828998 0.03015971 0.03276733 0.03490227 0.04283216 0.0455417 0.04844027 0.05191357 0.04628223 0.05031529 0.05072673 0.04392065 0.04658644 0.04583627 0.04955785 0.05196517 0.05280371 0.04923783 0.04697949 0.04670918 0.04925381 0.05118067 0.04724425 0.05802236 0.05365888 0.05264132 0.04591552 0.0562401 0.06436609 0.06988046 0.0700034 0.07631305 0.07704949 0.06965804 0.06909767 0.05938285 0.06072214 0.0582763 0.06136132 0.05684565 0.06091895 0.05524198 0.05475889 0.05213756 0.05598075 0.05314293 0.05218474 0.05157275 0.05225161 0.05430698 0.05069704 0.05543098
0.04230609 0.03850778 0.03917642 0.03870491 0.0381766 0.03839719 0.03620436 0.0345335 0.03457143 0.03330478 0.02926696 0.03568688 0.03252297 0.03661426 0.04154057 0.04746245 0.05075526 0.05425478 0.05578063 0.05067601 0.04986662 0.04577995 0.04388412 0.04711804 0.05051318 0.05022351 0.05175256 0.05394765 0.04989875 0.04979196 0.04861674 0.04025646 0.054301 0.05271066 0.05196202 0.05546593 0.05750848 0.06027595 0.06877025 0.07193381 0.07044934 0.07822932 0.07852531 0.08054953 0.06838506 0.06696453 0.05772147 0.06161091 0.06684335 0.06084135 0.05724686 0.05622235 0.05064242 0.0538083 0.05517824 0.05475676 0.05378041 0.05465366 0.05104648 0.05164364 0.05626754 0.05306491
0.04113922 0.03848355 0.04097172 0.04017515 0.03613809 0.03811149 0.03808314 0.03820943 0.03482174 0.03425083 0.03286529 0.03677144 0.03261435 0.0315566 0.04679104 0.0480772 0.04588254 0.05708092 0.05452938 0.05175167 0.05109578 0.04995776 0.0477219 0.04684646 0.05101087 0.05042883 0.05249699 0.05019467 0.04732107 0.04734499 0.05082263 0.04650743 0.04818881 0.05392224 0.05769867 0.05303404 0.05768179 0.05819314 0.05944462 0.06979861 0.07669083 0.08057027 0.0812071 0.07623092 0.06863023 0.06520499 0.05591564 0.05730555 0.06128056 0.05830525 0.05391774 0.05121727 0.05343878 0.0521085 0.05286558 0.05098876 0.05207146 0.05076818 0.05097353 0.05073513 0.05495749 0.05642125
0.03467606 0.03449878 0.03908516 0.03870573 0.03899313 0.04073562 0.04279663 0.04424666 0.04132694 0.03684082 0.03864648 0.03998749 0.03992123 0.03938906 0.03649956 0.03753715 0.04210545 0.03714418 0.05505783 0.05827994 0.05754218 0.05212215 0.05025449 0.05005011 0.04691454 0.0480931 0.04987792 0.05609643 0.05363979 0.04918153 0.05100194 0.05121443 0.05025203 0.04982899 0.05418206 0.04985864 0.05683635 0.05521338 0.05512632 0.06110891 0.07305015 0.07548445 0.07144499 0.06703532 0.06835653 0.06548861 0.06245989 0.06697944 0.06189593 0.05798055 0.05751665 0.04944395 0.05062914 0.05426001 0.05658882 0.05874869 0.05754985 0.05873251 0.05928262 0.06477103 0.06064492 0.06229511
0.04046507 0.03437264 0.03802425 0.03911657 0.0386852 0.04374849 0.04280389 0.04808452 0.03994725 0.03935185 0.04003811 0.04042067 0.03493888 0.03700631 0.03360813 0.03797262 0.0395592 0.03870177 0.04650054 0.04773588 0.05455431 0.05555042 0.05435148 0.04676591 0.0479873 0.05207141 0.05069819 0.05353002 0.05268813 0.0526564 0.0545967 0.05764957 0.05856187 0.05046596 0.05937389 0.04940758 0.05262714 0.05332999 0.05305442 0.05053534 0.05269324 0.06041903 0.0627502 0.06439533 0.06950954 0.06480541 0.06598775 0.06659091 0.06630415 0.06233562 0.05920305 0.04719367 0.04836689 0.06116376 0.05720449 0.05741759 0.05550606 0.05739431 0.06362754 0.06606609 0.06492297 0.06739451
0.04043308 0.03742618 0.0399498 0.03794515 0.03853503 0.04274005 0.04256672 0.04286902 0.0416562 0.04017673 0.04107756 0.04289697 0.0387542 0.041816 0.03575186 0.04196628 0.04078599 0.0415023 0.04297262 0.04282865 0.04621512 0.05580887 0.05502534 0.04579472 0.0495381 0.04934213 0.04835049 0.05396451 0.0516801 0.04788669 0.04827206 0.05279699 0.0583802 0.05768211 0.05420054 0.05808001 0.05068826 0.04910193 0.05415537 0.05626266 0.05807615 0.06684377 0.06528124 0.06354015 0.06711018 0.06534854 0.06638216 0.07237634 0.06237701 0.05184695 0.05140591 0.05410111 0.05761816 0.06109519 0.05874799 0.05491461 0.05827758 0.06401882 0.06225979 0.06399382 0.0666388 0.07019683
0.04412873 0.0387558 0.04220772 0.04139411 0.04257989 0.04703206 0.04499803 0.04317079 0.04122495 0.03714588 0.03832818 0.04026553 0.04526182 0.05230628 0.04792476 0.05145758 0.05253695 0.04564741 0.04458617 0.04670218 0.0460575 0.06160342 0.05177612 0.05117036 0.0492676 0.04685317 0.05212662 0.05650265 0.05123606 0.04746456 0.04509867 0.04926498 0.0531474 0.05036779 0.05604384 0.05538527 0.04994026 0.05102294 0.05685402 0.0522173 0.06198984 0.068321 0.07541005 0.06698349 0.06004344 0.06016509 0.05875764 0.06094851 0.05453286 0.05343697 0.05746342 0.06198991 0.06313258 0.06431092 0.06003445 0.05878577 0.06245198 0.06387296 0.06664486 0.0621633 0.06438384 0.06937476
0.04814151 0.0381009 0.04278916 0.04601676 0.04458237 0.04491136 0.04456357 0.04398571 0.04140786 0.04608358 0.0450689 0.042694 0.04343254 0.04205469 0.04194844 0.04105473 0.04279962 0.05736637 0.04903428 0.05320138 0.06067969 0.05712823 0.05438188 0.0545177 0.05074079 0.04839668 0.05132704 0.05177478 0.05723223 0.05064585 0.04855874 0.04705027 0.04675049 0.04985024 0.04514897 0.05044311 0.05219144 0.03906611 0.04263755 0.06237564 0.06616732 0.070248 0.07569901 0.06656765 0.06945288 0.06372899 0.06148433 0.06768934 0.06353289 0.05750154 0.06223641 0.06316614 0.06462425 0.06536873 0.05991453 0.05985191 0.05875489 0.0628278 0.06905752 0.06147285 0.07288642 0.07588629
0.04525811 0.04386321 0.04255971 0.04227 0.04208719 0.04341523 0.04720105 0.03949501 0.04672224 0.05411324 0.052431 0.04753699 0.04497683 0.03871603 0.044624 0.04698969 0.04501281 0.03989318 0.04169507 0.0513223 0.05810806 0.05747769 0.05718116 0.05096809 0.0503859 0.04572733 0.04760418 0.05165577 0.05202043 0.04966494 0.04366099 0.04784444 0.04744576 0.04922213 0.0445542 0.04990096 0.05442796 0.04328769 0.04931486 0.06904023 0.06730296 0.07580579 0.07455328 0.07166586 0.07689936 0.0725102 0.07041667 0.06634593 0.06739151 0.06544589 0.06308886 0.06311055 0.06839283 0.06449682 0.06480847 0.06632493 0.05979317 0.06015783 0.06843814 0.06382765 0.06740724 0.07017861
0.05239011 0.04582911 0.04783156 0.04862632 0.045228 0.05224944 0.04822683 0.04415238 0.05334448 0.05392749 0.0562065 0.05517499 0.05546835 0.04975213 0.05051107 0.04681739 0.04526523 0.04771475 0.05008536 0.04968512 0.05616177 0.05738683 0.05705225 0.05359248 0.04984815 0.05583444 0.04491788 0.05220301 0.04910231 0.04570386 0.04700229 0.04810594 0.05125755 0.05175219 0.04771858 0.04915661 0.04411749 0.04432203 0.05127053 0.06838602 0.06813571 0.08682529 0.08755333 0.07495686 0.06966709 0.07369484 0.07694943 0.06727684 0.06990549 0.0684992 0.06276486 0.05937485 0.06749491 0.06478582 0.06698438 0.06710804 0.06473047 0.06537976 0.0621628 0.0653669 0.06924342 0.06840114
