GIS/ken_population.asc
ncols         178
nrows         224
xllcorner     -67203.471654228
yllcorner     -518695.09422505
cellsize      5000
NODATA_value  -9999
[rows 156 to 194 of 224, columns 87 to 173 of 178]
2025 1811 2054 1839 1538 2830 2866 2313 1560 968 966 1129 978 745 523 307 161 81 56 36 37 31 28 35 44 62 265 403 133 58 112 68 18 15 30 38 53 55 48 41 40 38 47 39 14 17 32 89 283 521 952 1480 3898 2931 1691 1219 1827 824 606 842 811 386 210 125 60 47 78 207 173 124 148 122 169 114 105 41 30 32 41 51 59 75 152 -9999 -9999 -9999 -9999
2036 1988 3584 1982 1604 3376 3143 2004 1909 1182 893 945 752 572 491 400 182 48 42 59 147 99 65 75 51 129 440 157 96 48 36 29 17 13 20 26 30 29 27 27 32 39 46 49 15 17 23 56 196 410 678 1155 9026 2786 2232 2412 1040 425 621 1597 1073 492 317 109 53 47 49 182 270 126 135 105 238 74 86 24 11 8 7 44 51 86 -9999 -9999 -9999 -9999 -9999
1592 1732 1698 1428 1777 1830 2377 1636 1691 1327 929 654 824 863 708 219 78 39 39 69 230 142 124 136 51 84 210 92 72 43 27 24 19 14 19 25 29 25 23 24 30 45 58 55 17 20 20 37 105 510 833 1733 2441 1699 933 677 544 967 610 633 621 586 485 142 63 63 96 117 47 32 11 9 11 9 4 3 2 4 14 86 80 -9999 -9999 -9999 -9999 -9999 -9999
1694 1643 1659 650 1052 699 2035 1845 1621 1518 1220 899 1114 663 202 131 71 40 38 41 63 59 71 72 37 28 77 62 59 51 31 36 27 19 29 75 82 41 20 28 45 107 61 53 17 28 25 26 65 406 662 723 1149 397 306 561 477 614 391 401 301 130 254 197 90 87 44 39 13 11 5 6 24 37 3 2 1 12 26 27 39 -9999 -9999 -9999 -9999 -9999 -9999
2153 1959 1376 860 684 692 1174 1095 3687 2416 1086 1859 1614 841 348 156 81 39 37 37 29 25 24 26 24 20 36 50 57 59 41 138 91 18 10 32 32 15 7 15 21 43 17 11 10 43 87 43 72 225 702 638 424 667 677 747 336 257 343 329 132 96 214 180 126 58 26 13 10 8 6 14 18 14 2 1 6 16 43 67 -9999 -9999 -9999 -9999 -9999 -9999 -9999
2107 1834 1185 906 842 978 1255 1274 2695 3026 1091 1617 904 775 420 215 80 53 50 46 34 27 25 25 21 20 32 55 54 49 30 121 60 6 2 3 3 2 4 9 6 8 7 4 14 52 106 57 49 117 420 406 308 904 1234 719 439 237 174 246 113 43 32 61 262 58 11 9 10 11 16 40 4 2 6 8 39 28 60 -9999 -9999 -9999 -9999 -9999 -9999 -9999 -9999
2426 1794 1707 777 936 1000 1657 1679 1736 1844 1830 2142 1592 580 387 227 104 62 54 47 36 33 31 29 22 15 28 133 88 50 26 37 11 3 2 5 7 2 3 8 9 10 9 4 13 55 130 83 44 63 126 161 211 1295 792 555 554 479 173 103 40 20 23 28 62 37 14 11 10 17 -9999 34 3 3 19 -9999 170 37 -9999 -9999 -9999 -9999 -9999 -9999 -9999 -9999 -9999
1659 2166 2270 821 639 534 1444 1341 1629 1336 1593 1529 1440 752 398 301 200 77 50 46 35 32 31 23 18 20 16 33 129 69 23 3 4 4 4 8 5 2 1 3 4 3 3 3 8 44 95 53 42 62 230 747 1312 2154 882 523 388 201 103 56 54 31 21 20 23 40 -9999 18 26 33 17 4 3 10 -9999 -9999 -9999 -9999 -9999 -9999 -9999 -9999 -9999 -9999 -9999 -9999 -9999
1713 1846 1551 1015 492 593 1501 1534 1298 1346 1385 1516 975 547 413 207 32 11 8 9 9 7 8 7 7 10 9 8 7 49 19 3 6 9 8 7 3 2 2 2 2 4 8 6 5 21 56 43 40 75 291 1804 1547 2111 580 191 123 76 56 58 80 63 23 22 33 53 56 45 -9999 -9999 9 3 -9999 -9999 -9999 -9999 -9999 -9999 -9999 -9999 -9999 -9999 -9999 -9999 -9999 -9999 -9999
1886 1831 1579 979 497 444 776 1622 2346 1721 1327 919 400 275 156 1 0 0 0 0 0 0 0 0 0 2 4 4 7 12 8 5 10 9 5 3 1 1 1 1 2 6 17 13 7 17 51 44 41 80 155 324 643 280 105 65 63 138 110 54 164 153 57 46 181 139 216 109 -9999 -9999 -9999 -9999 -9999 -9999 -9999 -9999 -9999 -9999 -9999 -9999 -9999 -9999 -9999 -9999 -9999 -9999 -9999
2029 1531 1278 1121 660 815 956 2200 1506 2038 1513 918 364 66 0 0 0 0 0 0 0 0 0 0 0 3 4 5 6 6 4 3 4 2 1 1 1 1 1 1 1 2 8 10 14 21 55 50 57 200 188 173 765 260 67 57 68 148 124 46 65 66 52 69 185 160 218 205 212 -9999 -9999 -9999 0 -9999 -9999 -9999 -9999 -9999 -9999 -9999 -9999 -9999 -9999 -9999 -9999 -9999 -9999
1129 864 964 1407 1156 1271 1573 1492 1455 2009 1872 1035 143 0 0 0 0 0 0 0 0 0 0 0 0 2 4 5 5 5 5 3 1 1 1 1 2 2 1 1 1 1 1 2 5 31 60 53 73 266 299 364 1196 796 80 57 58 57 51 42 45 52 70 79 91 212 520 383 1301 -9999 -9999 -9999 -9999 -9999 -9999 -9999 -9999 -9999 -9999 -9999 -9999 -9999 -9999 -9999 -9999 -9999 -9999
1167 1489 1093 924 1056 2243 1112 528 869 1619 1567 54 0 0 0 0 0 0 0 0 0 0 0 0 0 1 4 5 5 5 5 4 2 1 1 1 1 2 2 2 2 1 1 1 3 39 72 65 102 227 495 1268 1660 984 95 64 50 51 43 41 54 63 90 143 197 414 2042 847 433 -9999 -9999 -9999 -9999 -9999 -9999 -9999 -9999 -9999 -9999 -9999 -9999 -9999 -9999 -9999 -9999 -9999 -9999
2199 2138 1166 1004 1062 1826 995 341 378 599 89 0 0 0 0 0 0 0 0 0 0 0 0 0 0 0 4 5 4 5 4 4 3 2 1 1 1 1 2 2 2 1 1 1 2 132 332 208 221 441 882 1363 2222 1266 155 95 88 69 60 57 56 72 138 382 353 353 359 1658 -9999 -9999 -9999 -9999 -9999 -9999 -9999 -9999 -9999 -9999 -9999 -9999 -9999 -9999 -9999 -9999 -9999 -9999 -9999
15149 1862 3019 1992 2173 2222 1256 601 148 0 0 0 0 0 0 0 0 0 0 0 0 0 0 0 0 0 3 5 4 4 4 4 4 3 1 1 1 1 1 1 1 1 1 1 2 164 423 247 279 660 1709 2967 2248 1891 362 367 278 126 102 88 72 115 207 473 -9999 -9999 -9999 1956 19048 1690 -9999 -9999 -9999 -9999 -9999 -9999 -9999 -9999 -9999 -9999 -9999 -9999 -9999 -9999 -9999 -9999 -9999
3648 6174 3019 2830 4824 1745 1376 1493 361 0 0 0 0 0 0 0 0 0 0 0 0 0 0 0 0 0 1 5 5 5 5 4 3 3 2 1 1 1 1 1 1 1 1 1 2 122 227 219 211 207 835 2427 846 1902 541 579 558 285 225 167 139 207 813 1873 2380 1001 -9999 -9999 -9999 -9999 -9999 -9999 -9999 -9999 -9999 -9999 -9999 -9999 -9999 -9999 -9999 -9999 -9999 -9999 -9999 -9999 -9999
1276 6152 6137 7506 6824 1623 1986 2510 1696 75 0 0 0 0 0 0 0 0 0 0 0 0 0 0 0 0 0 3 4 3 3 3 3 2 2 2 2 2 2 2 1 1 1 2 7 56 34 129 178 78 188 397 1384 1970 727 611 1125 1394 1683 642 612 781 2332 3638 7429 2555 748 -9999 -9999 -9999 -9999 -9999 -9999 -9999 -9999 -9999 -9999 -9999 -9999 -9999 -9999 -9999 -9999 -9999 -9999 -9999 -9999
728 2551 2135 7039 3101 1438 2379 1515 1623 848 197 0 0 0 0 0 0 0 0 0 0 0 0 0 0 0 0 1 4 3 3 3 2 2 3 3 3 3 4 4 4 4 9 26 47 38 18 26 175 216 222 387 1039 4200 914 374 1617 2294 2186 1898 1324 628 1666 2012 4362 1830 -9999 -9999 -9999 -9999 -9999 -9999 -9999 -9999 -9999 -9999 -9999 -9999 -9999 -9999 -9999 -9999 -9999 -9999 -9999 -9999 -9999
2 4 9 3224 2386 2858 2628 1037 1085 1173 767 0 0 0 0 0 0 0 0 0 0 0 0 0 0 0 0 1 4 4 3 4 3 2 2 3 3 3 3 4 4 4 6 16 23 15 11 16 153 484 383 573 2269 1928 938 469 413 943 1384 2421 1912 1036 1142 755 1302 -9999 -9999 -9999 -9999 -9999 -9999 -9999 -9999 -9999 -9999 -9999 -9999 -9999 -9999 -9999 -9999 -9999 -9999 -9999 -9999 -9999 -9999
1 3 536 3444 6676 3354 1901 1226 965 788 680 152 0 0 0 0 0 0 0 0 0 0 0 0 0 0 0 0 3 5 4 4 3 2 2 3 4 5 5 5 5 5 6 8 9 9 10 15 206 662 361 740 602 816 1116 1155 773 544 800 1331 3095 1477 1082 402 -9999 -9999 -9999 -9999 -9999 -9999 -9999 -9999 -9999 -9999 -9999 -9999 -9999 -9999 -9999 -9999 -9999 -9999 -9999 -9999 -9999 -9999 -9999
22 2 398 1456 4618 7456 4035 3323 1673 1088 1049 833 0 0 0 0 0 0 0 0 0 0 0 0 0 0 0 0 2 4 4 4 3 2 2 3 4 6 7 7 7 8 9 8 8 9 10 13 111 384 310 594 420 800 1203 1116 1518 287 -9999 -9999 -9999 768 597 -9999 -9999 -9999 -9999 -9999 -9999 -9999 -9999 -9999 -9999 -9999 -9999 -9999 -9999 -9999 -9999 -9999 -9999 -9999 -9999 -9999 -9999 -9999 -9999
169 9 3 608 1440 6383 5808 2545 1376 926 797 853 91 0 0 0 0 0 0 0 0 0 0 0 0 0 0 0 1 4 5 5 3 4 4 4 5 8 20 31 13 10 9 8 8 9 11 20 60 151 313 911 422 402 586 375 -9999 -9999 -9999 -9999 -9999 -9999 -9999 -9999 -9999 -9999 -9999 -9999 -9999 -9999 -9999 -9999 -9999 -9999 -9999 -9999 -9999 -9999 -9999 -9999 -9999 -9999 -9999 -9999 -9999 -9999 -9999
350 487 4 118 849 2658 4817 4104 1762 1146 989 690 360 0 0 0 0 0 0 0 0 0 0 0 0 0 0 0 0 3 5 5 5 5 5 5 7 9 35 67 25 10 9 8 8 10 19 70 107 153 319 815 447 956 952 -9999 -9999 -9999 -9999 -9999 -9999 -9999 -9999 -9999 -9999 -9999 -9999 -9999 -9999 -9999 -9999 -9999 -9999 -9999 -9999 -9999 -9999 -9999 -9999 -9999 -9999 -9999 -9999 -9999 -9999 -9999 -9999
132 736 110 10 605 1499 3642 6683 2536 418 299 110 116 3 0 0 0 0 0 0 0 0 0 0 0 0 0 0 0 1 6 5 5 5 4 6 7 7 15 25 14 9 8 8 9 10 17 53 86 147 198 550 1444 1168 -9999 -9999 -9999 -9999 -9999 -9999 -9999 -9999 -9999 -9999 -9999 -9999 -9999 -9999 -9999 -9999 -9999 -9999 -9999 -9999 -9999 -9999 -9999 -9999 -9999 -9999 -9999 -9999 -9999 -9999 -9999 -9999 -9999
58 211 232 4 434 1041 751 86 104 66 21 13 16 5 0 0 0 0 0 0 0 0 0 0 0 0 0 0 0 0 4 7 7 7 6 7 8 10 20 14 11 9 9 11 21 19 16 25 93 144 238 1512 2270 -9999 -9999 -9999 -9999 -9999 -9999 -9999 -9999 -9999 -9999 -9999 -9999 -9999 -9999 -9999 -9999 -9999 -9999 -9999 -9999 -9999 -9999 -9999 -9999 -9999 -9999 -9999 -9999 -9999 -9999 -9999 -9999 -9999 -9999
55 108 96 10 22 21 12 16 15 17 31 11 7 4 0 0 0 0 0 0 0 0 0 0 0 0 0 0 0 0 2 7 9 9 8 8 9 30 77 35 13 10 10 17 75 66 157 183 371 279 251 1305 3021 -9999 -9999 -9999 -9999 -9999 -9999 -9999 -9999 -9999 -9999 -9999 -9999 -9999 -9999 -9999 -9999 -9999 -9999 -9999 -9999 -9999 -9999 -9999 -9999 -9999 -9999 -9999 -9999 -9999 -9999 -9999 -9999 -9999 -9999
206 324 235 21 25 12 9 8 5 6 16 70 26 6 0 0 0 0 0 0 0 0 0 0 0 0 0 0 0 0 1 9 12 25 20 9 16 50 64 26 14 10 10 14 34 97 644 822 1750 434 479 1525 2567 -9999 -9999 -9999 -9999 -9999 -9999 -9999 -9999 -9999 -9999 -9999 -9999 -9999 -9999 -9999 -9999 -9999 -9999 -9999 -9999 -9999 -9999 -9999 -9999 -9999 -9999 -9999 -9999 -9999 -9999 -9999 -9999 -9999 -9999
415 540 193 14 18 46 24 11 5 5 10 117 47 11 3 0 0 0 0 0 0 0 0 0 0 0 0 0 0 0 0 8 18 50 37 20 19 63 60 19 15 15 15 16 50 203 697 1227 1678 1197 964 4344 -9999 -9999 -9999 -9999 -9999 -9999 -9999 -9999 -9999 -9999 -9999 -9999 -9999 -9999 -9999 -9999 -9999 -9999 -9999 -9999 -9999 -9999 -9999 -9999 -9999 -9999 -9999 -9999 -9999 -9999 -9999 -9999 -9999 -9999 -9999
279 187 15 12 31 142 47 16 9 6 7 14 32 28 16 1 0 0 0 0 0 0 0 0 0 0 0 0 0 0 0 5 24 38 100 46 17 26 28 20 21 48 55 99 122 362 861 1004 1032 1114 583 4103 -9999 -9999 -9999 -9999 -9999 -9999 -9999 -9999 -9999 -9999 -9999 -9999 -9999 -9999 -9999 -9999 -9999 -9999 -9999 -9999 -9999 -9999 -9999 -9999 -9999 -9999 -9999 -9999 -9999 -9999 -9999 -9999 -9999 -9999 -9999
105 49 6 7 15 24 19 14 10 8 7 7 11 53 106 24 1 0 0 0 0 0 0 0 0 0 0 0 0 0 0 1 57 104 96 35 35 75 77 34 30 131 312 382 228 439 607 791 896 858 705 2251 -9999 -9999 -9999 -9999 -9999 -9999 -9999 -9999 -9999 -9999 -9999 -9999 -9999 -9999 -9999 -9999 -9999 -9999 -9999 -9999 -9999 -9999 -9999 -9999 -9999 -9999 -9999 -9999 -9999 -9999 -9999 -9999 -9999 -9999 -9999
188 29 4 5 7 7 7 9 12 8 4 6 18 91 244 26 8 14 6 0 0 0 0 0 0 0 1 1 1 2 0 0 129 136 62 31 91 120 109 124 62 171 389 684 817 904 834 1793 1484 2266 1878 7892 3937 3882 -9999 -9999 -9999 -9999 -9999 -9999 -9999 -9999 -9999 -9999 -9999 -9999 -9999 -9999 -9999 -9999 -9999 -9999 -9999 -9999 -9999 -9999 -9999 -9999 -9999 -9999 -9999 -9999 -9999 -9999 -9999 -9999 -9999
153 49 4 4 4 5 5 5 6 5 4 5 11 44 82 41 12 17 21 24 22 16 3 2 2 2 3 4 8 17 10 88 251 260 139 78 119 116 119 182 116 96 451 910 1020 1060 1381 3503 1922 1453 3872 10563 -9999 -9999 -9999 -9999 -9999 -9999 -9999 -9999 -9999 -9999 -9999 -9999 -9999 -9999 -9999 -9999 -9999 -9999 -9999 -9999 -9999 -9999 -9999 -9999 -9999 -9999 -9999 -9999 -9999 -9999 -9999 -9999 -9999 -9999 -9999
236 12 4 4 4 4 4 5 5 5 5 5 7 30 270 230 14 9 8 10 10 13 11 4 3 2 2 3 5 10 24 739 500 291 243 190 160 161 160 169 228 197 655 1087 1546 1508 1138 1267 1533 2479 2980 10059 -9999 -9999 -9999 -9999 -9999 -9999 -9999 -9999 -9999 -9999 -9999 -9999 -9999 -9999 -9999 -9999 -9999 -9999 -9999 -9999 -9999 -9999 -9999 -9999 -9999 -9999 -9999 -9999 -9999 -9999 -9999 -9999 -9999 -9999 -9999
769 4 3 3 3 4 4 5 6 5 5 7 9 23 61 49 7 4 4 3 3 3 3 2 2 2 2 2 3 5 11 106 112 192 185 77 54 128 143 115 173 229 1607 3513 1781 3407 4803 3192 3073 2757 2358 5344 -9999 -9999 -9999 -9999 -9999 -9999 -9999 -9999 -9999 -9999 -9999 -9999 -9999 -9999 -9999 -9999 -9999 -9999 -9999 -9999 -9999 -9999 -9999 -9999 -9999 -9999 -9999 -9999 -9999 -9999 -9999 -9999 -9999 -9999 -9999
365 1 1 1 1 1 1 58 88 60 77 291 249 269 381 370 6 3 2 2 2 2 2 1 1 2 1 2 2 3 9 32 44 57 58 33 29 71 84 52 59 79 478 1265 1354 3204 2197 6253 6775 4601 14069 15679 -9999 -9999 -9999 -9999 -9999 -9999 -9999 -9999 -9999 -9999 -9999 -9999 -9999 -9999 -9999 -9999 -9999 -9999 -9999 -9999 -9999 -9999 -9999 -9999 -9999 -9999 -9999 -9999 -9999 -9999 -9999 -9999 -9999 -9999 -9999
55 2 1 1 1 1 1 177 274 116 136 496 631 694 763 1258 10 3 2 2 2 1 1 1 1 1 1 1 2 2 10 27 63 90 26 17 18 25 38 51 62 306 900 1800 2647 642 256 461 4202 10019 27982 -9999 -9999 -9999 -9999 -9999 -9999 -9999 -9999 -9999 -9999 -9999 -9999 -9999 -9999 -9999 -9999 -9999 -9999 -9999 -9999 -9999 -9999 -9999 -9999 -9999 -9999 -9999 -9999 -9999 -9999 -9999 -9999 -9999 -9999 -9999 -9999
8 2 1 1 1 1 1 147 276 163 198 561 1012 970 1215 1094 13 6 3 2 2 2 2 2 2 2 1 2 2 3 18 59 62 54 22 20 34 41 267 588 694 621 1019 4175 3440 139 160 136 4973 13778 10688 -9999 -9999 -9999 -9999 -9999 -9999 -9999 -9999 -9999 -9999 -9999 -9999 -9999 -9999 -9999 -9999 -9999 -9999 -9999 -9999 -9999 -9999 -9999 -9999 -9999 -9999 -9999 -9999 -9999 -9999 -9999 -9999 -9999 -9999 -9999 -9999
8 2 3 2 1 1 2 38 90 259 692 2518 5051 2881 2005 2865 34 23 11 3 3 4 8 4 2 1 2 2 6 11 34 64 70 52 21 31 672 589 865 842 1171 1285 1660 3638 2514 29 334 4015 -9999 5966 -9999 -9999 -9999 -9999 -9999 -9999 -9999 -9999 -9999 -9999 -9999 -9999 -9999 -9999 -9999 -9999 -9999 -9999 -9999 -9999 -9999 -9999 -9999 -9999 -9999 -9999 -9999 -9999 -9999 -9999 -9999 -9999 -9999 -9999 -9999 -9999 -9999
9 3 6 4 2 2 5 129 146 830 1687 10331 9254 4089 2671 2036 10886 9067 312 7 3 6 13 5 2 2 2 3 7 27 51 51 36 37 53 58 380 510 1019 780 858 1521 1824 3233 1663 0 3613 -9999 14446 -9999 -9999 -9999 -9999 -9999 -9999 -9999 -9999 -9999 -9999 -9999 -9999 -9999 -9999 -9999 -9999 -9999 -9999 -9999 -9999 -9999 -9999 -9999 -9999 -9999 -9999 -9999 -9999 -9999 -9999 -9999 -9999 -9999 -9999 -9999 -9999 -9999 -9999
