GIS/ken_initial_population.asc
ncols         178
nrows         224
xllcorner     -67203.471654228
yllcorner     -518695.09422505
cellsize      5000
NODATA_value  -9999
[rows 39 to 77 of 224, columns 0 to 87 of 178]
-9999 -9999 -9999 -9999 -9999 -9999 -9999 -9999 -9999 -9999 -9999 -9999 217 450 492 288 192 144 189 186 880 1138 851 1300 736 358 147 119 164 154 203 383 263 113 70 65 88 101 82 313 492 318 248 2 0 0 0 0 0 0 0 14 43 40 14 12 21 36 17 10 12 10 11 9 8 10 12 37 35 33 33 37 48 100 136 101 55 48 39 43 53 53 54 37 40 58 43 62
-9999 -9999 -9999 -9999 -9999 -9999 -9999 -9999 -9999 -9999 -9999 -9999 230 371 291 255 192 186 237 309 350 502 437 525 257 168 212 184 240 200 403 413 228 123 70 88 146 173 150 167 220 207 359 381 0 0 0 0 0 0 0 21 28 31 19 11 13 29 23 10 12 12 9 9 10 11 14 68 48 35 34 37 50 99 105 74 54 46 33 38 43 46 43 43 57 63 66 65
-9999 -9999 -9999 -9999 -9999 -9999 -9999 -9999 -9999 -9999 -9999 -9999 277 346 321 301 260 211 237 212 406 608 834 953 231 89 125 286 413 452 623 256 151 100 68 89 160 195 170 195 216 231 537 2279 308 598 0 0 0 0 0 26 21 22 20 19 14 23 31 14 11 11 10 9 10 11 20 82 55 33 30 42 62 106 120 95 91 77 79 63 57 70 58 57 59 57 36 59
-9999 -9999 -9999 -9999 -9999 -9999 -9999 -9999 -9999 -9999 -9999 -9999 406 367 354 298 248 256 225 285 597 1169 1166 1156 285 96 107 198 315 505 558 280 232 189 107 72 93 111 135 142 190 339 612 979 306 337 0 0 0 0 0 17 21 20 31 51 34 31 35 17 10 9 10 15 15 19 60 93 51 37 40 68 97 79 68 60 47 34 31 43 34 33 27 35 51 28 20 23
-9999 -9999 -9999 -9999 -9999 -9999 -9999 -9999 -9999 -9999 -9999 301 528 469 467 221 249 262 314 849 468 266 237 187 102 99 113 144 203 268 333 378 356 256 160 77 81 139 229 234 243 575 888 785 2157 2214 0 0 0 0 0 14 28 23 51 62 52 37 33 18 12 9 10 9 12 46 91 74 58 56 74 99 76 48 48 34 32 26 22 23 20 17 17 29 25 22 20 20
-9999 -9999 -9999 -9999 -9999 -9999 -9999 -9999 -9999 -9999 -9999 459 539 489 499 367 246 231 406 965 320 133 84 110 82 96 82 118 135 125 163 248 423 348 187 130 137 170 247 259 220 567 770 667 1288 676 0 0 0 0 0 4 59 61 89 72 31 23 19 18 17 12 12 12 29 72 68 66 61 77 108 98 48 49 44 30 20 13 12 12 10 11 17 23 21 21 25 27
-9999 -9999 -9999 -9999 -9999 -9999 -9999 -9999 -9999 -9999 -9999 282 553 530 530 516 229 237 392 550 139 79 60 71 66 92 105 137 144 127 161 175 206 252 324 256 220 213 152 153 211 402 497 546 880 434 0 0 0 0 0 0 44 116 112 39 21 16 17 15 17 18 20 29 60 83 86 91 85 110 124 141 59 54 48 36 14 9 9 9 9 9 18 23 20 21 23 21
-9999 -9999 -9999 -9999 -9999 -9999 -9999 -9999 -9999 -9999 -9999 -9999 533 496 527 562 445 267 245 219 96 49 56 63 71 136 164 199 172 153 178 175 159 203 283 155 210 205 127 155 226 265 366 434 461 285 69 0 0 0 0 10 78 149 85 39 23 12 15 16 18 20 23 21 39 72 96 105 125 142 465 133 62 46 53 38 15 9 8 9 10 12 24 26 23 23 23 21
-9999 -9999 -9999 -9999 -9999 -9999 -9999 -9999 -9999 -9999 -9999 -9999 479 626 608 522 465 338 224 216 68 48 43 43 48 117 160 266 346 341 184 106 167 170 80 124 192 202 145 172 146 161 185 201 181 154 205 31 0 0 0 0 45 164 96 38 23 11 15 15 15 20 28 30 39 41 61 60 99 159 163 94 55 69 63 36 15 10 9 11 18 46 31 26 26 24 22 12
-9999 -9999 -9999 -9999 -9999 -9999 -9999 -9999 -9999 -9999 -9999 -9999 515 510 488 491 506 496 256 137 76 70 59 58 97 167 230 319 287 231 192 127 185 128 88 77 217 195 249 282 112 126 155 147 122 113 224 174 27 3 2 0 0 124 99 29 8 6 9 23 22 28 29 23 40 40 46 62 87 118 91 53 60 115 65 38 15 12 12 35 79 108 67 41 29 22 10 10
-9999 -9999 -9999 -9999 -9999 -9999 -9999 -9999 -9999 -9999 -9999 -9999 282 567 515 558 534 471 226 182 97 84 63 72 205 364 237 273 294 308 246 186 125 81 60 107 446 499 681 324 127 127 214 264 207 179 240 244 149 75 6 0 0 40 54 23 12 8 6 8 15 17 20 24 39 46 59 119 161 139 71 53 56 48 51 36 20 54 134 106 142 161 108 57 24 12 10 10
-9999 -9999 -9999 -9999 -9999 -9999 -9999 -9999 -9999 -9999 -9999 -9999 -9999 -9999 447 623 554 415 274 305 133 104 76 139 316 581 330 263 294 301 297 70 51 49 57 102 585 5609 2205 300 181 246 401 475 358 297 297 324 639 394 23 0 0 0 8 39 21 12 10 7 7 15 24 26 57 46 95 113 62 48 42 40 35 106 93 96 132 196 251 202 156 203 113 31 17 12 9 9
-9999 -9999 -9999 -9999 -9999 -9999 -9999 -9999 -9999 -9999 -9999 -9999 -9999 -9999 -9999 700 589 437 206 192 114 96 90 195 372 463 268 180 247 200 169 96 82 102 434 711 1294 19364 8402 715 314 293 195 180 336 645 806 1157 1592 1181 124 0 0 0 0 32 28 15 15 13 9 6 17 34 69 94 137 68 35 35 28 30 20 93 175 162 166 178 215 195 104 82 33 21 15 12 10 9
-9999 -9999 -9999 -9999 -9999 -9999 -9999 -9999 -9999 -9999 -9999 -9999 -9999 -9999 -9999 707 491 316 202 131 127 82 79 100 172 164 88 77 82 86 85 94 133 217 573 682 862 1418 906 414 297 222 106 142 337 336 753 1217 1651 1093 53 0 0 0 0 24 36 19 20 16 9 7 9 30 144 85 55 39 35 33 28 18 15 82 157 164 142 89 133 74 24 20 20 17 15 12 10 9
-9999 -9999 -9999 -9999 -9999 -9999 -9999 -9999 -9999 -9999 -9999 -9999 -9999 -9999 -9999 341 268 302 254 170 98 78 75 66 84 91 60 91 119 119 116 137 223 357 572 659 482 784 941 486 437 134 82 136 187 226 423 575 1128 705 0 0 0 0 0 11 49 29 25 17 16 14 13 33 42 21 29 39 46 29 27 17 12 49 82 147 136 63 43 43 26 23 29 31 23 15 11 10
-9999 -9999 -9999 -9999 -9999 -9999 -9999 -9999 -9999 -9999 -9999 -9999 -9999 -9999 -9999 255 328 251 257 208 120 89 88 90 86 113 144 74 88 132 209 280 431 555 956 420 392 433 815 364 249 183 77 95 107 108 250 272 356 479 355 235 54 0 0 0 15 50 36 31 23 30 58 56 29 17 20 32 60 31 20 12 12 25 33 23 27 32 46 42 28 43 64 102 53 23 13 11
-9999 -9999 -9999 -9999 -9999 -9999 -9999 -9999 -9999 -9999 -9999 -9999 -9999 -9999 -9999 -9999 418 281 224 239 220 155 124 199 190 226 334 203 147 224 292 364 617 1043 529 301 290 285 368 318 248 312 85 89 98 98 267 251 355 620 845 406 147 0 0 0 0 14 57 65 69 92 85 41 20 18 16 28 24 9 7 4 3 3 5 10 10 9 23 23 25 46 95 147 77 33 17 13
-9999 -9999 -9999 -9999 -9999 -9999 -9999 -9999 -9999 -9999 -9999 -9999 -9999 -9999 -9999 -9999 -9999 224 226 281 277 233 212 268 379 765 821 634 448 361 303 293 628 947 409 203 185 203 249 281 220 211 110 88 86 137 263 175 198 414 549 269 252 123 41 0 0 0 7 11 23 23 119 183 138 52 17 23 29 18 7 5 3 3 3 5 4 4 7 15 19 35 60 82 61 41 27 19
-9999 -9999 -9999 -9999 -9999 -9999 -9999 -9999 -9999 -9999 -9999 -9999 -9999 -9999 -9999 -9999 -9999 -9999 -9999 266 251 331 374 415 613 585 432 457 392 240 152 144 722 860 324 172 172 232 265 271 255 200 130 85 91 132 242 109 116 180 143 238 240 174 115 28 0 0 0 0 0 0 123 272 181 89 20 37 37 25 7 4 3 3 3 3 3 3 3 4 12 23 37 54 63 75 49 32
-9999 -9999 -9999 -9999 -9999 -9999 -9999 -9999 -9999 -9999 -9999 -9999 -9999 -9999 -9999 -9999 -9999 -9999 -9999 153 313 445 1282 1026 381 253 336 609 287 196 186 249 1146 741 262 160 162 299 602 407 240 190 168 134 110 278 294 130 101 137 206 608 457 180 141 112 1 0 0 0 0 0 334 358 196 94 23 51 51 23 6 3 3 3 3 3 3 3 3 3 4 19 42 61 75 96 78 38
-9999 -9999 -9999 -9999 -9999 -9999 -9999 -9999 -9999 -9999 -9999 -9999 -9999 -9999 -9999 -9999 -9999 -9999 -9999 -9999 448 644 951 681 225 221 576 706 306 268 231 265 809 474 213 139 142 287 665 506 385 295 174 175 280 393 381 179 92 131 561 738 421 208 184 178 17 0 0 0 0 0 293 324 164 101 28 57 64 43 9 5 3 3 3 3 3 3 3 3 4 7 27 48 47 68 85 40
-9999 -9999 -9999 -9999 -9999 -9999 -9999 -9999 -9999 -9999 -9999 -9999 -9999 -9999 -9999 -9999 -9999 -9999 -9999 335 646 310 260 217 178 293 610 715 327 272 280 455 857 427 216 149 127 218 482 406 290 351 191 231 347 409 333 291 103 143 285 301 400 375 295 172 45 0 0 0 0 0 258 211 113 108 65 112 116 60 23 9 6 3 3 3 3 3 3 3 5 6 12 64 50 67 90 68
-9999 -9999 -9999 -9999 -9999 -9999 -9999 -9999 -9999 -9999 -9999 -9999 -9999 -9999 -9999 -9999 -9999 -9999 -9999 -9999 127 124 111 123 216 488 361 313 267 248 257 430 1100 412 224 244 131 147 263 473 333 234 165 296 359 320 314 310 147 132 220 250 311 206 258 161 57 0 0 0 0 0 102 107 72 44 68 109 82 55 93 59 29 4 3 3 3 3 3 3 4 6 8 54 56 67 91 52
-9999 -9999 -9999 -9999 -9999 -9999 -9999 -9999 -9999 -9999 -9999 -9999 -9999 -9999 -9999 -9999 -9999 -9999 -9999 -9999 -9999 100 143 294 395 747 367 112 157 186 195 321 716 319 198 302 209 184 270 489 321 205 150 366 403 369 339 328 195 198 194 163 206 153 231 182 191 55 0 0 0 0 83 129 88 43 55 79 49 54 138 102 48 12 3 2 2 3 3 3 4 6 8 37 46 64 93 123
-9999 -9999 -9999 -9999 -9999 -9999 -9999 -9999 -9999 -9999 -9999 -9999 -9999 -9999 -9999 -9999 -9999 -9999 -9999 -9999 -9999 -9999 121 279 435 226 164 130 161 198 415 344 459 344 977 1549 453 404 600 643 291 156 133 277 293 226 206 219 173 166 233 172 212 206 216 172 189 139 15 0 0 0 156 293 164 48 48 43 37 50 141 73 26 13 9 6 3 3 3 3 6 9 15 46 54 70 74 85
-9999 -9999 -9999 -9999 -9999 -9999 -9999 -9999 -9999 -9999 -9999 -9999 -9999 -9999 -9999 -9999 -9999 -9999 -9999 -9999 -9999 -9999 -9999 358 397 212 172 142 150 262 817 668 446 1437 2064 2174 967 230 393 640 285 181 150 275 323 308 322 318 277 250 293 261 231 181 189 105 129 102 43 0 0 0 164 283 372 104 53 48 49 88 120 48 19 11 10 11 9 8 7 12 37 50 68 56 51 46 62 61
-9999 -9999 -9999 -9999 -9999 -9999 -9999 -9999 -9999 -9999 -9999 -9999 -9999 -9999 -9999 -9999 -9999 -9999 -9999 -9999 -9999 -9999 -9999 858 523 274 148 127 117 291 837 1263 536 826 673 733 547 269 361 489 337 211 183 344 305 296 295 342 308 397 328 364 274 233 170 81 70 71 34 0 0 22 270 271 251 237 88 53 69 60 51 30 14 9 9 11 11 12 17 26 56 83 100 41 29 33 53 60
-9999 -9999 -9999 -9999 -9999 -9999 -9999 -9999 -9999 -9999 -9999 -9999 -9999 -9999 -9999 -9999 -9999 -9999 -9999 -9999 -9999 -9999 -9999 2483 1027 370 144 155 134 177 670 1793 687 819 743 706 654 425 843 827 457 273 255 296 296 548 826 500 456 299 215 218 163 158 141 77 56 65 79 77 106 381 290 166 189 88 49 33 40 50 31 20 11 9 8 9 9 12 31 48 47 33 34 23 24 31 56 60
-9999 -9999 -9999 -9999 -9999 -9999 -9999 -9999 -9999 -9999 -9999 -9999 -9999 -9999 -9999 -9999 -9999 -9999 -9999 -9999 -9999 -9999 -9999 4857 3302 494 209 141 132 175 843 1053 181 806 951 874 505 530 4476 3586 1513 655 741 263 207 282 243 267 230 265 229 192 192 166 139 68 56 66 131 324 338 369 252 147 237 34 37 20 17 30 43 19 12 9 8 9 15 27 47 48 35 19 18 20 23 29 67 65
-9999 -9999 -9999 -9999 -9999 -9999 -9999 -9999 -9999 -9999 -9999 -9999 -9999 -9999 -9999 -9999 -9999 -9999 -9999 -9999 -9999 -9999 -9999 5127 2001 1337 383 156 244 309 450 263 111 403 968 746 575 708 730 735 471 486 351 262 240 217 185 201 258 321 275 209 201 156 132 60 49 59 96 217 285 269 325 135 341 38 48 23 20 18 35 23 14 9 9 12 23 48 32 35 30 19 19 18 22 35 77 77
-9999 -9999 -9999 -9999 -9999 -9999 -9999 -9999 -9999 -9999 -9999 -9999 -9999 -9999 -9999 -9999 -9999 -9999 -9999 -9999 -9999 -9999 -9999 3244 2467 1278 590 291 290 342 243 199 138 459 1389 824 574 367 269 265 123 74 185 227 204 130 104 172 234 234 203 173 193 159 110 63 50 50 77 93 184 173 277 198 416 153 51 26 20 17 29 45 18 10 12 20 25 29 23 34 27 16 19 20 21 46 78 86
-9999 -9999 -9999 -9999 -9999 -9999 -9999 -9999 -9999 -9999 -9999 -9999 -9999 -9999 -9999 -9999 -9999 -9999 -9999 -9999 -9999 -9999 -9999 900 1346 1792 654 268 153 212 246 219 207 999 1542 1231 544 170 61 48 79 107 184 246 175 133 112 143 181 198 197 174 150 181 87 54 48 47 26 23 94 118 167 257 384 227 73 40 29 20 17 40 26 12 22 28 23 21 20 29 29 17 20 20 23 47 105 115
-9999 -9999 -9999 -9999 -9999 -9999 -9999 -9999 -9999 -9999 -9999 -9999 -9999 -9999 -9999 -9999 -9999 -9999 -9999 -9999 -9999 -9999 -9999 852 1191 1009 629 326 265 220 262 237 309 950 1326 1394 703 181 48 28 63 201 210 209 192 193 192 123 175 289 223 204 124 130 80 58 65 62 1 23 84 149 175 266 313 200 230 75 44 21 27 43 30 20 42 29 23 22 23 28 30 18 21 20 26 48 112 124
-9999 -9999 -9999 -9999 -9999 -9999 -9999 -9999 -9999 -9999 -9999 -9999 -9999 -9999 -9999 -9999 -9999 -9999 -9999 -9999 -9999 -9999 -9999 244 710 544 311 300 297 285 282 387 293 680 865 1499 516 210 68 23 36 68 389 165 127 103 186 132 164 243 205 180 136 118 60 60 100 58 12 65 79 122 362 396 367 335 492 257 64 40 26 29 37 56 98 97 79 82 87 54 61 52 50 48 60 60 88 118
-9999 -9999 -9999 -9999 -9999 -9999 -9999 -9999 -9999 -9999 -9999 -9999 -9999 -9999 -9999 -9999 -9999 -9999 -9999 -9999 -9999 -9999 -9999 -9999 429 593 587 468 261 326 397 271 486 979 1047 987 431 203 91 15 23 40 96 240 144 136 196 165 99 149 137 132 91 74 55 91 191 54 47 136 96 115 341 277 213 273 1197 690 38 24 23 62 182 183 213 187 139 154 195 172 150 120 86 71 49 57 52 60
-9999 -9999 -9999 -9999 -9999 -9999 -9999 -9999 -9999 -9999 -9999 -9999 -9999 -9999 -9999 -9999 -9999 -9999 -9999 -9999 -9999 -9999 -9999 -9999 374 1033 1648 550 294 927 478 593 632 811 1125 974 551 262 131 20 17 29 54 138 210 147 215 260 161 237 241 199 144 105 88 113 277 186 405 178 77 71 82 61 93 124 826 571 40 25 31 57 256 232 184 158 102 74 126 246 164 59 38 39 43 31 21 25
-9999 -9999 -9999 -9999 -9999 -9999 -9999 -9999 -9999 -9999 -9999 -9999 -9999 -9999 -9999 -9999 -9999 -9999 -9999 -9999 -9999 -9999 -9999 -9999 672 1017 2398 711 482 1023 360 313 550 778 691 457 561 185 122 43 20 24 45 72 244 736 581 489 429 569 266 238 297 315 130 100 159 501 592 80 65 113 40 44 250 304 175 227 54 31 35 51 174 116 147 209 262 181 156 256 488 80 51 83 96 51 31 38
-9999 -9999 -9999 -9999 -9999 -9999 -9999 -9999 -9999 -9999 -9999 -9999 -9999 -9999 -9999 -9999 -9999 -9999 -9999 -9999 -9999 -9999 -9999 -9999 389 933 2268 934 761 1756 279 189 474 705 261 207 156 68 37 26 26 37 187 308 434 669 747 1832 764 538 268 254 426 303 122 94 175 646 451 71 99 201 64 51 604 566 154 54 48 66 92 119 111 88 82 102 133 260 262 397 363 74 46 36 40 48 50 57
-9999 -9999 -9999 -9999 -9999 -9999 -9999 -9999 -9999 -9999 -9999 -9999 -9999 -9999 -9999 -9999 -9999 -9999 -9999 -9999 -9999 -9999 -9999 -9999 -9999 848 599 1649 911 814 177 214 1415 1006 270 153 151 136 53 25 30 58 223 212 306 257 606 1519 984 479 431 360 510 260 137 116 242 730 268 62 120 244 208 88 194 282 135 37 66 71 124 183 172 153 102 97 105 119 246 260 459 198 57 42 41 38 38 48
