GIS/ken_pfpr2to10.asc
ncols         178
nrows         224
xllcorner     -67203.471654228
yllcorner     -518695.09422505
cellsize      5000
NODATA_value  -9999
[rows 108 to 134 of 224, columns 62 to 123 of 178]
0.03276758 0.03385328 0.03154936 0.03461006 0.03662075 0.03240798 0.03151964 0.03312358 0.03381843 0.03754728 0.03878006 0.04059163 0.03956295 0.03487499 0.0321838 0.03231307 0.03519261 0.03167761 0.03549625 0.03634344 0.04021007 0.03414887 0.04068558 0.04049273 0.03476812 0.03250317 0.04258541 0.03995945 0.03735381 0.04073433 0.04475358 0.04820728 0.04780099 0.0546172 0.04664188 0.04160212 0.04024894 0.03654448 0.03625706 0.03509876 0.0359888 0.04371749 0.04208687 0.0438404 0.04608126 0.04314535 0.04235898 0.0428242 0.04271028 0.0393107 0.03875884 0.04104167 0.04658978 0.04771353 0.04629641 0.04309264 0.04584881 0.04478032 0.04451093 0.04268411 0.03881612 0.03679415
0.02987652 0.03512482 0.03305066 0.03473211 0.03752911 0.03307435 0.03221338 0.03176764 0.0323114 0.03933 0.03885752 0.0429981 0.03749033 0.03472933 0.03479938 0.03365292 0.03305487 0.0340021 0.03781048 0.03806667 0.03527971 0.03600866 0.03916157 0.0435103 0.03887774 0.03306914 0.04092309 0.04243289 0.04332611 0.04170707 0.05345156 0.05323868 0.05041655 0.05045943 0.04514254 0.04337001 0.04336072 0.04045326 0.04186247 0.04417198 0.04196784 0.04771405 0.04561222 0.04584907 0.04633161 0.04544197 0.04285887 0.04251545 0.04081601 0.040024 0.04143192 0.0420291 0.04305589 0.04254313 0.04036159 0.03993433 0.04085116 0.04125623 0.04035504 0.03977014 0.03850305 0.03922071
0.03032694 0.03596978 0.03363846 0.03845532 0.03183855 0.03156256 0.03118007 0.03189344 0.0319107 0.03197809 0.02933068 0.03668072 0.03804521 0.03686212 0.03395489 0.03902883 0.03293325 0.03795849 0.03914577 0.03595584 0.03813674 0.0458956 0.0445209 0.04661895 0.03895647 0.03329239 0.0412355 0.04578942 0.03402859 0.04289945 0.04410835 0.0494486 0.05356447 0.05266972 0.04373202 0.03976164 0.04414632 0.04181216 0.05357156 0.04567827 0.03862455 0.04097834 0.0437835 0.04740941 0.04271601 0.04143399 0.04505166 0.04119296 0.04141285 0.04599732 0.04701204 0.04516819 0.04643213 0.0456512 0.04451576 0.04156925 0.04015811 0.03948947 0.03996674 0.03978994 0.03893992 0.04089616
0.03173022 0.02805077 0.02831201 0.03295098 0.0301229 0.03231809 0.03175039 0.03363038 0.03315141 0.03248449 0.02494218 0.03237449 0.03438428 0.03400313 0.03301425 0.03485417 0.0341939 0.03655848 0.04023321 0.03682603 0.04064995 0.05040463 0.04175895 0.03678004 0.04585335 0.04016287 0.03967374 0.03321285 0.03515764 0.04831149 0.04388514 0.05042534 0.04565924 0.0538159 0.0463479 0.03994077 0.03999501 0.04715487 0.05324397 0.04586121 0.03973224 0.04179133 0.04183416 0.04218405 0.04571154 0.04774348 0.04406146 0.04736944 0.04295242 0.04526442 0.04941788 0.04866663 0.04812466 0.04487934 0.04082705 0.04154107 0.03860766 0.03724098 0.03655082 0.03864928 0.03475387 0.03716057
0.02818959 0.03097167 0.03164282 0.02882518 0.0317361 0.03115955 0.03264261 0.03110049 0.02872421 0.03210691 0.02341342 0.0262417 0.03002419 0.03229598 0.03590239 0.03231611 0.03688385 0.03501904 0.0366723 0.03424261 0.04064375 0.04491081 0.04578587 0.04268964 0.04035594 0.04328922 0.03725592 0.0455848 0.04464816 0.05713752 0.04469807 0.04982803 0.04690745 0.05207724 0.04239986 0.04118386 0.04218875 0.04471752 0.05428272 0.04229441 0.04724373 0.04539229 0.04346576 0.04802512 0.05228232 0.0468117 0.04954709 0.05524238 0.05330834 0.0551854 0.05014494 0.0465899 0.04690217 0.04331527 0.04117487 0.04139906 0.03980148 0.0403914 0.03935552 0.03811465 0.04570805 0.04435574
0.03126617 0.03139586 0.03330098 0.03089112 0.03092286 0.02906354 0.02922838 0.02951442 0.02673793 0.02719466 0.02690743 0.02269786 0.02744205 0.03198096 0.03154973 0.03578794 0.03573287 0.03990253 0.03590516 0.04129278 0.04488201 0.04592827 0.04330184 0.03724426 0.03934151 0.04264039 0.0432198 0.0459751 0.05176594 0.05317806 0.04745381 0.04917014 0.04456999 0.0447711 0.04851915 0.05369933 0.05256352 0.05080441 0.05079919 0.04720051 0.05319372 0.05019575 0.04308156 0.04480938 0.05145459 0.04993878 0.05511015 0.0549819 0.05377134 0.05608753 0.05149059 0.0459146 0.04462606 0.04498867 0.04199081 0.04216912 0.04420426 0.04474222 0.04342443 0.04103998 0.03934118 0.04108143
0.02766362 0.02807196 0.03269184 0.03308068 0.0293723 0.03008192 0.02785852 0.0279874 0.0279294 0.02749911 0.02656443 0 0.02511127 0.02970552 0.03065546 0.03282422 0.03580703 0.03290318 0.03916462 0.04446699 0.04277409 0.04799558 0.04011691 0.03871833 0.06483215 0.03904856 0.03598414 0.0482912 0.04842473 0.05465178 0.0501673 0.04752216 0.04354025 0.04937755 0.0462741 0.04750007 0.05001405 0.05314872 0.05317578 0.04454169 0.04852924 0.05056131 0.0487682 0.0497844 0.05297236 0.05004126 0.04939442 0.04597324 0.05132707 0.05186713 0.05103505 0.0481501 0.04472652 0.043026 0.04351589 0.04018343 0.04576711 0.04578803 0.04192979 0.03971757 0.04400106 0.04668668
0.02634508 0.02529715 0.03030244 0.02886201 0.02998864 0.03116751 0.02638508 0.02368801 0.02407929 0.02163182 0.0252284 0 0.0259319 0.02895759 0.03048749 0 0.03158034 0.03347056 0.03354915 0.04518634 0.04659398 0.04241161 0.03958904 0.03610847 0.04833968 0.04129804 0.05002841 0.04021339 0.04842763 0.03994075 0.04336496 0.04758321 0.0436683 0.0467684 0.04932009 0.04640102 0.0422061 0.05517585 0.05101942 0.04471264 0.04990824 0.0520845 0.05346566 0.05003661 0.05337272 0.05265322 0.05355726 0.04871659 0.04533326 0.05087483 0.04957907 0.05001063 0.04424462 0.04214232 0.04381413 0.04717936 0.04653886 0.04770445 0.04722622 0.04584032 0.04657612 0.04798857
0.02435116 0.02566027 0.02628047 0.03127218 0.02722375 0.02604002 0.02861543 0.02377144 0.02297926 0 0 0 0 0 0.02423617 0.0273227 0.02916418 0.03024509 0.0385781 0.0412361 0.0446986 0.03859307 0.0389692 0.04088744 0.05916132 0.03987601 0.04477854 0.06739987 0.04334276 0.0423885 0.04171352 0.04683106 0.04584056 0.04529038 0.05338107 0.04885719 0.04775633 0.04060649 0.04358682 0.0449289 0.04380209 0.05151869 0.05750662 0.0550536 0.0534562 0.04849246 0.05439351 0.04812096 0.04768058 0.04242216 0.04788985 0.04479983 0.05098425 0.05178763 0.04782518 0.04804626 0.047567 0.05035573 0.04807647 0.04831848 0.04230292 0.0457952
0.02643925 0.02784162 0.02465801 0.02427194 0.02485356 0.02666562 0.02289192 0.02220921 0.02316082 0 0 0 0 0 0 0.02128625 0.02263067 0.0246827 0.02719268 0.03255288 0.03312079 0.03564395 0.03684383 0.04159103 0.04392311 0.07337083 0.06875003 0.07200514 0.0404632 0.04582841 0.0468748 0.04537344 0.04072215 0.04060564 0.04724107 0.05397083 0.05241122 0.05447729 0.04112455 0.04360233 0.03804837 0.0521015 0.05550479 0.0535159 0.05315538 0.05338516 0.05261751 0.05067624 0.04995951 0.04745575 0.04045765 0.04610562 0.04845626 0.04963957 0.05425039 0.05360065 0.05128691 0.04994654 0.05050766 0.04804701 0.0416631 0.04607663
0.02661764 0.02568074 0.02340465 0.0239748 0.02441185 0.0249608 0.02444163 0.0214242 0.02220099 0 0 0 0 0 0 0 0 0 0 0 0.03582804 0.04444317 0.04313573 0.04496639 0.04037144 0.04273646 0.0399052 0.03980504 0.04005048 0.04140676 0.05096377 0.04741501 0.04581218 0.04493642 0.04887917 0.04854767 0.06207762 0.05677196 0.0419632 0.03860319 0.03585353 0.04900519 0.05037197 0.05765704 0.05573028 0.0510446 0.05398848 0.04844664 0.05161541 0.05215161 0.05087988 0.04882728 0.04862686 0.05280892 0.05364759 0.05059528 0.05014165 0.05146074 0.053518 0.0525968 0.04714309 0.04824523
0 0 0.02596949 0.02619337 0.02303373 0.02395789 0.02337629 0.02426473 0 0 0 0 0 0 0 0 0 0 0 0 0.03699274 0.04824711 0.04618194 0.04432585 0.04414217 0.03875472 0.03732239 0.03551316 0.0362271 0.03820423 0.05091193 0.04232105 0.0464969 0.05827514 0.06568052 0.05295663 0.05834399 0.05706578 0.05242114 0.03713671 0.03793786 0.04234414 0.04772151 0.05299599 0.05077469 0.05024656 0.05277302 0.04528405 0.04521647 0.04716355 0.0501695 0.04859382 0.04696674 0.04753196 0.05209406 0.05267097 0.05548795 0.05009869 0.05133357 0.05226537 0.05585544 0.0528812
0 0 0 0 0.02602983 0.02491085 0.02393749 0 0 0 0 0 0 0 0 0 0 0 0 0 0.03744507 0.04647877 0.04452457 0.04747332 0.05060438 0.03535163 0.03650417 0.03534117 0.03633358 0.04063941 0.03993601 0.03751188 0.03464499 0.03698162 0.04428703 0.05590824 0.05391714 0.04230237 0.04728795 0.04180434 0.03926726 0.04327148 0.04623711 0.04983124 0.05204359 0.04865017 0.04587175 0.04432308 0.04484746 0.04322647 0.04081187 0.04411292 0.04531028 0.04809028 0.04815991 0.0480448 0.05046745 0.05158242 0.05079207 0.05178438 0.05314244 0.05168772
0 0 0 0 0 0 0 0 0 0 0 0 0 0 0 0 0 0 0 0 0.04114603 0.04685456 0.04832074 0.04956098 0.04375925 0.03854232 0.03640345 0.03918014 0.04212792 0.04289827 0.0423019 0.03572498 0.03325203 0.0358498 0.04452964 0.0433894 0.04164983 0.038498 0.0402144 0.03517866 0.03679903 0.04710275 0.04995119 0.04388144 0.04440938 0.04287513 0.04151117 0.04324603 0.03977267 0.03324951 0.03646751 0.03907161 0.03712719 0.03589795 0.03922137 0.04656306 0.04750982 0.05025012 0.0518164 0.05043486 0.05319174 0.05265302
0 0 0 0 0 0 0 0 0 0 0 0 0 0 0 0 0 0 0 0 0.04058926 0.04522393 0.04658616 0.04301592 0.04241213 0.04558269 0.04346513 0.04166158 0.04011755 0.03765208 0.04094164 0.03172845 0.034489 0.03615421 0.03692285 0.03966891 0.0420805 0.04506005 0.04629591 0.03762009 0.04470605 0.04402654 0.04577259 0.05338478 0.0565642 0.05132177 0.04710719 0.03665299 0.03517067 0.03431721 0.03256599 0.03197912 0.03150789 0.03628471 0.04009878 0.03598161 0.03831406 0.0499301 0.0537602 0.05138756 0.05338327 0.05375277
0 0 0 0 0 0 0 0 0 0 0 0 0 0 0 0 0 0 0 0.03154618 0.03520651 0.04855883 0.05071829 0.04041497 0.04356566 0.04729597 0.04334512 0.04519903 0.03751828 0.03502719 0.03241119 0.035062 0.03304849 0.03349223 0.03982098 0.04235344 0.03711205 0.04707026 0.04978013 0.04228082 0.04755659 0.04998802 0.04147342 0.05268765 0.06124081 0.05536638 0.05502725 0.04502612 0.04578109 0.04219343 0.03482134 0.03498356 0.03546223 0.03440819 0.03305313 0.03588282 0.04020006 0.0415537 0.04145211 0.03995725 0.05061806 0.05393343
0 0 0 0 0 0 0 0 0 0 0 0 0 0 0 0 0 0 0 0 0.03788348 0.04902808 0.04963856 0.04619024 0.04869756 0.04805535 0.04119549 0.03539699 0.03520926 0.03448074 0.03228999 0.03273521 0.03263096 0.0366141 0.04105138 0.04237216 0.03601268 0.04220352 0.0577966 0.05189385 0.04763281 0.05097286 0.04739828 0.05389385 0.05656526 0.05573405 0.05389564 0.04494515 0.04322183 0.04043656 0.03601494 0.03993878 0.04194639 0.03996089 0.04158819 0.04301887 0.04109747 0.04217916 0.03692386 0.03892851 0.04188099 0.04939494
0 0 0 0 0 0 0 0 0 0 0 0 0 0 0 0 0 0 0 0.08902057 0.0383596 0.05281452 0.05199505 0.03928988 0.04202076 0.04820269 0.04540098 0.03575211 0.03103746 0.03850699 0.03447031 0.02935151 0.03457705 0.0386482 0.03926628 0.04404924 0.03869162 0.04293041 0.05269288 0.05596072 0.04792586 0.04679475 0.0510687 0.04908098 0.0497262 0.04930169 0.05217573 0.04571025 0.04383178 0.03753296 0.04079229 0.0430783 0.04335225 0.04412517 0.04286358 0.04650063 0.04605107 0.04678131 0.04822304 0.04723487 0.04111227 0.04507314
0 0 0 0 0 0 0 0 0 0 0 0 0 0 0 0 0 0 0 0.0993242 0.03878994 0.04770209 0.04678848 0.04284418 0.03749549 0.04716552 0.04087084 0.03482741 0.03162425 0.03846334 0.03437379 0.03193325 0.0384768 0.04000133 0.04022067 0.04552768 0.04903187 0.04267436 0.04792345 0.05489453 0.06078252 0.05441095 0.05096294 0.04643631 0.04321233 0.03994304 0.04232799 0.04363412 0.04216751 0.04207215 0.04056996 0.04516962 0.04741477 0.04728612 0.0453481 0.04619554 0.04504758 0.05079975 0.04857816 0.05187589 0.0489887 0.04216438
0 0 0 0 0 0.02323273 0.02154349 0.02105306 0.02352767 0 0 0 0 0 0 0 0 0 0.0968077 0.06006965 0.04120572 0.04689428 0.04899287 0.05264627 0.0460884 0.04333403 0.03897194 0.03554875 0.02973703 0.04130143 0.03932494 0.03647196 0.0392056 0.03773071 0.04100363 0.04534989 0.04366382 0.04732091 0.05080342 0.05953413 0.06374096 0.05699733 0.05264729 0.04518903 0.04539035 0.04168215 0.03938335 0.04489012 0.04287904 0.0423674 0.04202045 0.04589385 0.04940068 0.04433735 0.04614505 0.04771151 0.04800675 0.04871973 0.05162458 0.05279679 0.05315714 0.05083599
0 0 0 0 0 0.02483742 0.02501588 0.02422324 0.02553981 0 0 0 0 0 0 0 0.04014201 0.0674132 0.04346312 0.04269287 0.04299088 0.0478955 0.04914228 0.04808413 0.04060972 0.04363936 0.03947593 0.03199792 0.03832075 0.04031113 0.04628452 0.0405193 0.03975978 0.03890811 0.03889778 0.0443009 0.04697984 0.05198877 0.04651726 0.05312423 0.05991166 0.05545347 0.05265963 0.04772403 0.04115935 0.03950417 0.04033687 0.04520158 0.04495674 0.04534978 0.04520557 0.04706018 0.04685254 0.04584939 0.04831994 0.04864392 0.04831761 0.05110768 0.04913702 0.05342487 0.05090347 0.05030123
0 0 0 0 0 0.02464304 0.02546457 0.02520471 0.02683981 0.03038567 0.03206328 0 0.03710925 0.04230475 0.045166 0.04600959 0.03981379 0.04699616 0.04934829 0.05060596 0.0534485 0.04765245 0.05027963 0.04498108 0.03914232 0.04034531 0.03721551 0.03232882 0.03847426 0.04290469 0.04398752 0.04353254 0.04484291 0.04319774 0.04366803 0.04310448 0.04497841 0.04715042 0.05018624 0.0534975 0.06475677 0.05723494 0.0515721 0.05450422 0.04419953 0.03927818 0.04098696 0.04502256 0.04506209 0.04602945 0.04833433 0.04580832 0.04921378 0.04673947 0.04621579 0.04831095 0.04943372 0.05128032 0.05306966 0.05283688 0.04747983 0.04881845
0 0 0 0 0 0.02579591 0.02898904 0.03066761 0.03239359 0.03580365 0.03611637 0.03896935 0.04698572 0.04574344 0.0424243 0.04234869 0.04182177 0.05024251 0.04644359 0.04567314 0.04558512 0.04645393 0.04654101 0.04849387 0.03855525 0.03619055 0.03372996 0.03958604 0.03866219 0.04470064 0.04532674 0.04388079 0.0478379 0.04945337 0.04352738 0.04638511 0.04583535 0.05221125 0.05766401 0.0617293 0.06713409 0.05884552 0.05648294 0.0584651 0.04559373 0.03933372 0.05158174 0.0516041 0.05728283 0.05113859 0.04821979 0.05006528 0.04887135 0.04538011 0.04667294 0.05032127 0.04927268 0.05062688 0.05093563 0.04921167 0.04865092 0.05091716
0 0 0 0 0 0.03176897 0.03412822 0.03194181 0.0314666 0.03356464 0.04147751 0.04511342 0.04251322 0.04990884 0.04043692 0.04437253 0.04248005 0.04948749 0.0485237 0.04610809 0.04113536 0.04638865 0.04624005 0.04237444 0.04300543 0.04265175 0.03943735 0.04264696 0.04016127 0.04142557 0.04493413 0.0506878 0.04929625 0.04291309 0.04601246 0.04734968 0.05259731 0.05481533 0.05308027 0.05253666 0.05613163 0.06171682 0.0537308 0.05141261 0.04699662 0.04895883 0.04895782 0.04554523 0.04980215 0.05699118 0.05021457 0.04810384 0.05127238 0.05826581 0.05520029 0.05844504 0.05597777 0.05425666 0.05425004 0.05434644 0.05146404 0.0523271
0 0 0 0 0 0.02932473 0.03507716 0.03625344 0.03881785 0.03696414 0.03723755 0.03532471 0.04113832 0.03842186 0.04095356 0.04318992 0.04263417 0.04279687 0.04579675 0.04250343 0.04028798 0.03643068 0.03768504 0.03873909 0.04723191 0.04397834 0.04321559 0.04104765 0.04631844 0.04488678 0.0503997 0.05387346 0.05511757 0.04819859 0.04521373 0.04667849 0.04776879 0.05413886 0.05199976 0.05486229 0.05603079 0.05726356 0.05795542 0.06533412 0.06478096 0.06704918 0.05804573 0.0624209 0.05415206 0.05528639 0.05617454 0.05102249 0.05069074 0.04986683 0.0528194 0.0548364 0.05254594 0.05143576 0.0497857 0.05124731 0.05327283 0.05162651
0 0 0 0 0 0.03182155 0.0331481 0.03540397 0.03818498 0.0393776 0.03710534 0.03757558 0.03787268 0.04260273 0.04053623 0.04204956 0.0404593 0.04298105 0.04612286 0.04506078 0.04361352 0.04096325 0.03717062 0.04426732 0.0465442 0.0435968 0.04185595 0.04204015 0.04040237 0.04322894 0.05956646 0.0554571 0.0507912 0.05029169 0.04862272 0.05283023 0.05440314 0.05123844 0.05739097 0.04905472 0.05137016 0.06240062 0.0663132 0.06750876 0.06829486 0.06463637 0.06558239 0.06094004 0.0596129 0.06126968 0.05457799 0.05040967 0.05318075 0.04941792 0.05089978 0.04822163 0.04742413 0.04825187 0.04904344 0.04739615 0.05421211 0.05284902
0 0 0 0 0.0286857 0.03374242 0.03722775 0.03532954 0.03154042 0.03752011 0.03575572 0.04114448 0.04106308 0.04201827 0.04143938 0.03688982 0.04163639 0.04047928 0.04584669 0.04445718 0.04259012 0.04594281 0.0511331 0.05352093 0.04699936 0.04636321 0.03429575 0.04603487 0.04364067 0.04706331 0.05640617 0.06009854 0.06003857 0.05736509 0.0520925 0.05327502 0.05947951 0.05543933 0.05346597 0.05656675 0.05061326 0.06097105 0.06025117 0.05699584 0.06058193 0.06545638 0.07157636 0.04885994 0.04729961 0.05141187 0.05719826 0.04952523 0.05137112 0.05273074 0.05087983 0.04575222 0.04418694 0.04217129 0.04715032 0.04617122 0.04600921 0.04633569
