GIS/ken_travel.asc
ncols         178
nrows         224
xllcorner     -67203.471654228
yllcorner     -518695.09422505
cellsize      5000
NODATA_value  -9999
[rows 92 to 137 of 224, columns 0 to 95 of 178]
-9999 -9999 -9999 -9999 -9999 -9999 -9999 -9999 -9999 -9999 -9999 -9999 -9999 -9999 -9999 -9999 -9999 -9999 -9999 -9999 81 100 79 60 57 21 18 21 40 54 78 127 87 102 180 165 121 81 79 112 108 80 153 216 288 347 276 204 103 112 157 234 281 359 444 510 465 357 254 153 143 270 394 267 155 146 127 139 131 170 145 118 188 198 472 508 398 286 240 227 185 184 163 103 137 195 269 346 387 409 409 439 461 475 470 490
-9999 -9999 -9999 -9999 -9999 -9999 -9999 -9999 -9999 -9999 -9999 -9999 -9999 -9999 -9999 -9999 -9999 133 27 19 20 42 56 49 40 17 17 23 61 69 72 90 113 95 125 201 127 100 73 75 77 80 127 133 195 239 279 182 99 110 188 273 330 400 473 495 424 288 150 136 133 257 286 275 170 181 159 118 148 196 137 115 165 214 256 295 362 211 164 153 152 111 95 100 156 212 233 304 355 435 497 517 540 561 553 574
-9999 -9999 -9999 -9999 -9999 -9999 -9999 -9999 -9999 -9999 -9999 -9999 -9999 -9999 -9999 -9999 196 183 83 32 27 31 48 39 31 21 11 22 129 128 80 66 75 86 92 103 147 90 74 107 79 92 83 84 93 165 218 139 98 115 190 282 343 436 517 514 452 291 169 148 127 165 187 152 180 256 192 121 114 125 135 111 157 136 181 215 379 293 217 146 116 90 104 150 200 240 217 274 330 387 458 543 597 647 638 651
-9999 -9999 -9999 -9999 -9999 -9999 -9999 -9999 -9999 -9999 -9999 -9999 -9999 -9999 -9999 144 104 77 43 32 14 25 34 28 23 12 8 19 58 140 68 63 67 72 80 103 149 96 69 112 77 116 172 135 87 132 182 125 94 107 159 273 336 423 507 521 423 291 179 160 129 148 136 153 242 291 217 156 116 113 116 107 124 134 148 218 347 268 231 158 132 88 88 132 172 199 196 251 287 352 433 516 572 615 606 595
-9999 -9999 -9999 -9999 -9999 -9999 -9999 -9999 -9999 -9999 -9999 -9999 -9999 181 270 236 154 66 50 26 11 17 17 13 12 4 18 24 26 36 38 40 53 53 70 104 93 68 65 107 72 122 220 195 93 101 123 89 100 147 185 270 326 407 498 509 437 316 211 164 142 121 119 154 216 372 285 229 173 128 106 106 134 106 124 156 232 195 152 128 107 85 113 137 137 168 174 191 230 312 398 484 542 529 519 511
-9999 -9999 -9999 -9999 -9999 -9999 -9999 -9999 -9999 -9999 -9999 -9999 -9999 323 359 272 172 117 47 28 12 10 5 1 0 4 5 9 12 21 22 25 69 45 89 167 130 84 76 104 66 118 134 184 114 87 99 87 146 183 254 306 351 434 492 524 465 332 239 170 138 135 118 138 131 255 370 273 183 166 103 99 101 115 96 102 148 157 159 160 107 93 140 151 145 167 173 192 229 287 374 460 482 444 434 430
-9999 -9999 -9999 -9999 -9999 -9999 -9999 -9999 -9999 -9999 -9999 -9999 -9999 343 291 260 273 147 44 22 13 17 8 5 3 9 13 21 24 17 20 29 37 50 61 183 74 69 74 63 69 108 150 191 142 81 90 105 172 219 273 338 365 392 453 477 462 355 245 174 156 167 119 122 131 236 380 285 204 192 119 123 114 123 89 96 105 170 122 196 108 77 118 161 161 206 210 205 236 293 361 435 425 393 377 375
-9999 -9999 -9999 -9999 -9999 -9999 -9999 -9999 -9999 -9999 -9999 -9999 -9999 277 237 168 214 118 38 22 11 19 5 10 8 6 9 18 22 24 30 46 30 37 51 74 89 150 56 62 68 123 141 145 168 108 79 83 154 206 278 271 269 309 356 353 353 283 182 155 191 192 156 114 126 208 295 250 201 192 163 137 98 93 90 85 117 307 103 116 107 74 115 144 151 164 238 232 211 239 318 349 341 307 293 290
-9999 -9999 -9999 -9999 -9999 -9999 -9999 -9999 -9999 -9999 -9999 -9999 208 74 65 61 131 96 34 22 11 5 1 8 23 5 0 10 15 14 20 31 26 39 66 74 94 58 72 66 68 66 76 82 105 114 104 76 148 201 151 152 188 225 283 251 242 249 178 143 142 176 117 112 131 160 231 179 128 114 102 99 109 124 127 82 106 123 88 101 97 78 128 124 170 220 285 199 174 199 263 263 256 229 211 206
-9999 -9999 -9999 -9999 -9999 -9999 -9999 -9999 -9999 -9999 -9999 48 68 47 38 43 22 18 19 23 17 6 8 19 32 15 4 4 7 11 14 19 22 33 50 74 109 46 71 64 93 94 82 117 99 93 77 84 161 210 124 97 113 151 184 207 134 175 200 179 116 102 100 108 116 118 141 173 110 126 112 150 177 190 143 85 87 87 70 94 92 69 124 108 164 223 220 184 153 152 181 179 176 165 167 167
-9999 -9999 -9999 -9999 -9999 -9999 -9999 -9999 -9999 -9999 -9999 40 29 26 27 32 17 6 6 20 9 8 19 24 34 17 2 7 24 15 14 18 21 31 44 64 120 47 76 66 79 103 80 118 97 95 83 94 198 179 119 84 83 93 124 153 113 158 213 163 101 96 103 142 140 117 133 147 117 142 121 131 143 140 137 94 123 115 67 68 73 75 125 96 162 167 159 137 146 148 163 152 150 148 152 148
-9999 -9999 -9999 -9999 -9999 -9999 -9999 -9999 -9999 33 23 33 20 13 15 8 5 0 7 5 10 12 27 30 42 32 9 7 20 34 27 24 16 24 42 48 85 43 81 77 71 77 64 109 104 84 72 78 98 117 78 92 92 103 93 97 99 100 110 95 92 113 147 212 161 132 128 116 124 155 142 152 150 142 126 113 108 133 122 80 63 63 100 79 90 90 110 132 154 152 145 129 122 128 130 131
-9999 -9999 -9999 -9999 -9999 -9999 -9999 -9999 -9999 29 18 30 19 23 11 17 17 15 9 16 24 15 18 19 34 36 23 9 22 40 44 27 16 25 34 26 49 64 75 62 81 74 58 139 130 93 76 63 68 73 85 121 118 155 183 168 170 129 92 88 106 134 141 221 208 137 148 170 195 217 179 151 167 198 183 173 127 160 175 154 125 60 57 69 88 130 151 145 139 135 147 131 109 122 117 113
-9999 -9999 -9999 -9999 -9999 -9999 -9999 -9999 7 18 20 14 17 8 10 21 28 29 13 21 28 24 23 21 22 28 18 8 15 30 39 24 11 22 26 17 39 64 77 64 64 59 57 131 124 94 61 88 73 76 124 125 150 209 248 243 182 124 103 98 90 110 140 206 164 144 154 202 197 190 170 171 164 196 169 158 136 205 188 122 84 64 52 56 73 77 120 119 121 124 160 120 95 99 108 100
-9999 -9999 -9999 -9999 -9999 -9999 4 0 1 4 10 16 12 4 9 16 15 12 15 24 33 31 27 20 18 14 14 8 9 19 20 15 8 12 12 22 31 71 92 75 64 51 59 79 134 110 63 78 120 90 141 117 155 237 235 192 135 150 120 94 82 100 114 179 161 164 179 193 178 192 229 242 201 165 163 163 143 132 119 109 88 78 55 47 61 76 94 104 131 150 150 86 79 76 90 86
-9999 -9999 -9999 -9999 -9999 23 10 12 15 11 13 9 6 3 2 5 12 18 17 21 22 28 23 23 22 17 11 8 7 5 8 2 11 14 24 22 29 86 71 76 81 48 62 70 80 59 56 82 110 99 100 131 197 147 131 139 113 166 103 106 78 147 139 134 170 175 174 191 165 195 266 309 264 189 163 139 133 131 107 95 77 66 57 48 62 68 133 85 141 121 99 59 61 62 63 66
-9999 -9999 -9999 -9999 -9999 10 26 21 23 18 19 29 20 3 0 5 24 36 38 21 29 36 38 33 20 33 28 23 9 0 0 4 16 25 22 38 25 49 55 65 46 52 73 63 102 62 51 100 89 78 87 132 117 77 82 90 106 117 110 92 76 103 134 117 190 218 183 152 151 149 164 258 227 239 245 185 115 161 160 117 75 64 53 45 60 70 107 63 85 57 55 62 84 108 95 73
-9999 -9999 -9999 -9999 -9999 9 8 15 18 17 32 34 24 5 8 6 24 33 41 25 17 36 45 37 22 30 33 23 10 0 0 3 12 25 30 29 60 31 53 46 42 44 54 56 59 51 52 65 69 73 72 116 71 61 70 86 102 116 186 134 70 94 98 104 160 174 207 161 136 134 148 169 164 197 269 201 114 104 140 135 96 63 38 42 83 108 87 48 46 51 80 67 124 170 90 89
-9999 -9999 -9999 -9999 0 1 11 10 12 21 20 21 13 14 17 10 16 28 34 35 16 20 41 33 22 28 37 26 13 2 4 9 8 9 14 33 32 37 35 38 56 49 59 52 54 50 48 52 56 63 62 67 61 57 67 80 99 121 139 115 82 68 75 93 112 131 180 155 144 119 135 136 137 203 271 225 151 101 80 85 76 37 34 49 64 53 42 45 88 107 109 98 166 137 120 104
-9999 -9999 -9999 -9999 7 10 22 22 30 27 32 15 14 26 28 31 10 20 18 19 19 21 29 33 17 25 28 16 6 7 16 8 22 25 17 25 25 53 60 55 85 71 105 72 51 47 56 61 69 114 77 80 55 52 63 79 104 161 132 82 66 70 87 143 145 126 153 135 123 110 105 119 121 150 135 127 152 121 70 93 65 28 36 32 36 52 83 124 86 60 63 82 116 146 127 124
-9999 -9999 -9999 -9999 9 6 17 20 24 30 20 18 13 22 22 23 10 6 14 9 7 13 27 42 17 18 29 23 8 15 20 10 17 27 19 22 22 34 47 92 71 84 141 102 44 57 77 57 74 102 58 75 50 60 69 85 85 139 105 97 59 74 89 159 129 114 129 142 156 112 93 110 124 154 124 104 118 75 60 51 53 26 28 37 72 102 126 122 66 49 59 108 108 119 144 135
-9999 -9999 -9999 26 21 16 11 13 19 29 34 31 17 13 11 11 11 13 4 2 12 31 35 48 23 12 24 9 16 30 34 20 16 29 46 35 31 28 35 49 69 82 93 71 39 66 118 68 75 110 52 51 48 46 60 63 73 70 55 56 74 83 99 182 122 105 96 107 95 80 112 170 207 148 134 90 153 83 57 91 30 25 35 51 83 117 80 41 35 35 47 61 87 95 110 119
-9999 -9999 35 17 15 15 15 18 27 44 48 39 23 18 20 23 4 2 0 8 19 44 31 30 23 7 10 6 31 32 31 32 23 21 49 38 32 43 56 69 91 116 65 49 36 100 116 74 63 87 55 71 46 44 54 47 51 49 50 71 96 107 121 170 113 92 79 73 69 65 69 158 196 99 97 71 68 50 38 32 20 31 40 69 35 38 64 20 24 33 38 58 93 90 114 128
-9999 -9999 39 24 35 29 18 16 22 33 33 36 21 14 16 26 36 22 3 9 20 27 14 12 7 8 1 4 7 14 15 25 27 23 26 34 35 53 69 82 158 131 77 49 35 100 80 88 71 67 73 80 60 40 39 43 45 57 63 64 89 145 103 137 75 61 68 53 50 52 70 149 185 95 60 50 56 42 26 22 18 51 38 35 26 20 15 67 88 30 41 100 119 115 120 123
-9999 49 37 24 34 33 27 24 19 31 22 26 26 12 10 26 25 19 5 11 27 37 9 7 6 1 3 5 9 10 16 18 23 27 27 30 32 37 42 118 188 94 59 49 31 75 68 79 85 62 82 69 83 37 35 40 55 65 106 72 60 93 73 92 61 42 45 42 46 43 86 114 100 130 58 39 48 33 19 14 12 60 41 29 16 11 22 41 57 42 57 70 80 143 131 137
57 48 36 29 31 35 30 29 20 20 13 12 19 12 14 8 9 14 10 16 18 15 14 31 30 17 10 6 10 19 22 32 38 37 28 38 44 40 55 69 75 78 48 39 31 41 53 61 78 73 75 51 49 49 32 34 70 68 62 57 53 51 47 62 30 22 22 24 41 27 38 37 46 32 23 31 27 20 14 11 9 7 9 14 9 11 24 39 53 109 93 138 178 158 157 148
47 36 32 37 39 37 26 28 22 37 20 17 10 6 2 11 8 17 17 20 22 27 65 42 58 33 24 18 21 26 35 110 170 60 37 36 36 43 55 50 60 70 81 76 28 37 43 64 72 98 64 42 32 37 30 45 47 48 49 41 41 33 31 25 27 23 15 11 7 4 17 26 12 11 13 17 20 24 23 23 16 11 7 4 29 32 40 66 74 65 101 125 122 143 151 163
84 41 62 81 82 56 33 25 20 15 13 10 6 4 0 3 6 7 10 25 32 38 38 46 51 46 32 35 14 26 37 73 94 101 79 49 37 57 50 55 54 66 59 81 23 28 32 52 58 66 56 31 21 25 26 30 34 36 40 42 38 33 45 55 41 28 27 17 9 4 3 3 7 14 25 21 33 34 37 40 33 12 2 0 12 21 40 42 103 81 84 115 114 134 146 160
-9999 71 74 59 62 54 51 41 34 19 24 23 21 12 1 9 10 9 6 13 24 35 23 26 33 39 40 46 22 65 51 57 80 84 64 43 43 44 83 55 64 63 47 43 32 18 25 42 41 36 22 16 19 30 27 32 34 35 44 58 106 76 57 66 55 53 45 32 19 4 0 17 22 32 43 83 73 51 84 115 42 24 13 6 6 8 13 41 58 70 86 106 112 134 142 154
-9999 67 53 45 49 40 45 43 31 21 25 24 28 13 8 7 8 6 1 0 2 7 10 12 15 18 28 24 27 39 52 73 119 109 97 56 77 53 37 64 98 64 65 31 20 16 29 43 28 19 13 28 35 33 29 36 47 40 36 37 49 60 50 60 74 63 62 29 16 4 7 21 58 216 59 51 83 117 80 101 67 22 13 5 18 13 14 25 65 78 85 105 131 167 193 173
-9999 81 62 51 63 44 40 33 30 25 26 22 24 27 17 14 5 2 0 0 5 14 16 24 20 21 24 24 42 42 52 112 220 109 98 70 55 52 34 48 122 54 62 28 13 17 25 32 23 21 10 47 29 19 24 36 53 55 44 35 32 28 41 42 48 50 50 31 17 8 45 34 56 72 77 67 97 135 170 265 106 27 18 8 10 13 19 30 40 54 84 96 114 132 146 183
-9999 -9999 86 70 52 43 39 33 34 34 30 34 32 20 22 15 19 19 2 0 6 13 19 18 17 22 31 27 29 44 49 71 86 67 71 45 38 40 53 36 73 49 34 30 15 10 29 27 14 9 12 22 18 18 25 34 64 59 48 64 42 29 23 29 61 36 45 36 16 11 28 43 80 74 90 85 100 106 110 148 153 34 21 10 15 25 16 67 56 60 71 106 117 132 153 160
-9999 139 108 91 55 41 51 40 34 33 34 43 49 43 43 52 53 37 18 8 10 7 11 15 22 25 22 27 29 34 35 49 60 51 46 47 42 33 35 26 29 21 18 17 20 11 8 46 8 4 16 11 20 29 22 33 44 44 66 127 65 42 39 23 18 23 25 32 17 13 27 43 62 75 98 106 116 166 85 77 135 34 25 13 22 42 25 28 75 87 69 94 103 125 186 170
-9999 149 115 83 79 54 56 55 46 44 59 61 74 97 76 83 69 60 49 31 24 28 27 15 32 65 38 26 46 48 43 42 43 43 42 38 39 51 64 25 24 21 20 14 8 6 2 18 1 2 7 6 13 11 18 28 26 35 59 103 240 105 49 37 29 11 15 30 14 16 31 48 82 196 195 163 178 161 125 93 59 35 20 19 27 39 53 28 33 50 68 85 106 194 199 209
-9999 158 125 105 84 76 71 66 57 42 67 71 103 102 87 74 68 72 57 46 49 37 23 19 29 51 60 28 43 67 59 50 48 40 35 44 82 88 49 41 25 28 17 16 10 5 5 0 0 1 2 4 8 17 16 22 23 31 88 117 199 130 55 52 44 12 9 30 11 13 36 47 67 262 182 107 170 187 150 109 82 44 24 23 32 40 57 33 29 43 70 84 117 148 182 231
-9999 172 141 120 107 95 91 74 51 56 66 84 79 60 64 44 34 39 49 30 34 30 21 30 22 41 39 29 27 28 33 27 30 31 71 58 58 62 53 44 38 28 19 23 10 6 4 0 2 1 4 18 28 27 22 32 40 27 127 227 143 108 79 48 33 14 6 16 9 11 33 49 64 263 145 83 129 177 100 114 80 41 29 22 34 45 52 35 35 55 63 81 120 124 151 194
-9999 167 129 96 88 70 65 65 50 66 81 87 69 51 43 30 21 24 28 37 37 37 42 33 29 42 41 31 33 23 24 29 55 163 95 82 76 73 64 59 107 41 44 34 15 11 15 10 65 9 4 8 49 40 29 44 59 32 47 88 112 89 90 58 34 17 6 3 6 9 23 44 47 187 153 74 88 93 70 59 44 32 26 32 46 63 54 37 48 62 73 66 81 96 117 148
168 145 122 88 68 58 58 64 53 71 107 88 64 43 38 27 20 20 35 40 39 35 34 31 31 31 35 38 31 19 28 35 156 197 93 99 89 89 72 67 73 69 65 47 17 13 18 21 32 18 17 8 26 37 24 66 47 33 69 58 93 100 82 59 48 20 10 1 2 9 21 30 32 120 49 49 56 70 61 55 41 30 32 50 60 65 60 39 64 64 57 63 65 104 128 139
172 147 117 89 78 59 53 52 64 89 95 71 61 35 32 32 22 15 29 26 24 23 25 33 27 35 31 26 16 22 33 91 276 214 156 145 112 99 84 79 85 72 76 117 30 15 19 35 46 35 33 45 14 20 26 44 43 37 81 76 73 93 75 104 76 20 11 2 2 5 11 16 19 28 24 35 46 58 45 40 35 33 42 44 46 53 44 45 48 57 56 65 67 132 142 139
152 135 110 90 77 56 91 60 48 57 59 53 31 29 36 35 22 20 12 15 20 29 36 25 25 23 13 10 23 24 26 58 101 167 198 141 113 115 137 94 94 177 184 133 34 18 21 39 56 51 42 38 28 17 18 30 43 35 39 49 52 82 72 60 76 21 12 4 10 12 10 12 14 26 26 24 38 43 38 40 38 40 39 47 52 58 61 62 54 50 95 87 68 86 107 124
146 124 91 64 56 52 50 47 44 41 43 34 33 25 27 19 14 13 6 24 27 20 24 16 21 21 25 11 9 12 29 32 41 132 116 90 99 129 139 109 127 109 101 88 46 22 25 40 65 60 62 64 27 19 15 23 33 38 30 30 45 80 100 187 96 34 16 8 22 25 25 24 20 23 35 26 32 33 35 38 49 57 56 60 68 81 74 102 69 88 105 90 82 73 99 104
138 116 82 61 67 67 63 56 56 41 36 32 29 28 20 16 14 17 5 19 24 13 11 14 29 21 22 17 2 0 10 19 37 88 76 94 97 96 111 121 144 129 80 85 42 32 30 36 58 66 65 48 37 25 12 23 31 41 30 26 37 88 151 138 74 30 19 12 22 32 35 33 28 29 31 31 30 37 46 41 46 61 65 73 97 100 93 91 86 85 106 97 116 76 90 102
129 106 74 63 87 104 78 68 63 55 49 40 29 38 28 26 19 8 1 4 7 7 18 18 27 18 22 20 8 10 3 19 38 44 73 78 102 127 125 127 179 147 92 60 46 37 31 100 70 77 86 54 36 33 8 15 18 32 35 23 24 119 135 94 49 35 26 15 22 33 50 43 29 31 31 42 33 42 92 55 43 51 56 66 76 92 110 115 116 112 115 111 90 79 100 101
133 111 79 78 79 84 93 84 81 49 42 33 40 24 31 27 11 6 1 0 1 18 22 31 22 15 13 9 13 22 11 9 21 30 48 157 204 144 142 181 228 191 112 54 38 41 53 63 99 95 149 105 40 31 26 3 7 18 19 20 18 43 117 110 55 40 31 18 24 29 33 32 33 27 36 45 35 44 75 66 75 51 54 60 68 84 95 98 134 129 123 101 85 99 140 104
126 104 73 65 73 80 78 58 56 40 35 45 47 26 23 21 23 17 18 1 3 8 21 29 17 17 20 13 23 28 26 11 21 29 47 230 257 135 143 211 270 254 158 73 43 49 63 58 82 117 107 101 42 41 38 1 0 7 8 15 14 16 75 83 57 47 34 22 21 28 28 24 24 32 32 44 34 49 66 77 72 63 60 53 66 82 81 84 112 124 120 111 95 94 117 120
133 111 91 62 60 64 56 46 44 51 45 54 55 31 20 17 14 12 7 6 6 8 10 11 16 19 23 29 23 19 23 13 21 39 54 65 108 111 152 199 328 470 178 53 75 119 109 80 88 160 104 69 63 65 33 8 4 5 14 15 21 33 28 47 53 43 40 31 23 34 33 27 22 39 27 28 40 65 71 93 82 79 70 55 69 69 67 82 103 113 138 151 104 91 113 116
