GIS/ken_initial_population.asc
ncols         178
nrows         224
xllcorner     -67203.471654228
yllcorner     -518695.09422505
cellsize      5000
NODATA_value  -9999
[rows 117 to 155 of 224, columns 0 to 87 of 178]
0 5887 6613 6690 7834 6358 7181 6302 6687 7230 5819 7079 13494 14732 14917 14403 15101 20409 27315 25174 21807 19117 10597 6032 763 2444 7443 8102 13051 6769 4680 4043 237 1260 3058 1833 2229 3614 2369 1309 2081 2761 2372 1845 2386 1301 818 624 595 1321 1170 2307 3910 1422 1192 4139 1716 1488 1116 874 247 296 219 214 170 181 268 225 256 984 1547 1037 1133 775 1196 435 671 2476 1361 1857 6352 8054 3206 3608 6957 6144 7900 13309
61 10431 5223 3383 3064 4333 4220 5470 22856 7516 7641 8411 9074 8504 15907 21682 24025 23795 31881 20697 18881 14738 10556 5733 2451 6641 9440 6094 9091 11229 6015 1082 625 496 1367 1818 5023 2531 2358 2610 14572 3248 1869 1612 1623 1646 1736 901 941 1606 2597 4262 3105 2349 10370 1788 3335 2475 1820 1491 1172 681 592 452 167 101 127 192 300 1234 2355 2660 4953 5327 8000 3867 2392 785 1006 1310 4719 4663 6881 29085 12786 3914 7910 6661
0 1168 3000 1530 2231 3078 3968 3866 7653 9744 9775 6071 5064 6046 17417 33529 21722 20214 22552 16130 12082 6657 9140 10047 6686 7040 5997 4491 2413 4042 5793 7797 9087 5110 1758 2752 5764 3427 1240 1400 9766 3867 2392 1946 1538 1440 1767 995 1212 1769 2645 7608 5722 4899 33538 13653 6972 4099 1702 1516 1860 717 366 237 341 156 174 226 457 3168 30902 8250 3716 2130 2061 2068 378 108 3 5 8 3550 10209 38785 12862 4380 5042 6582
-9999 0 4920 2496 3245 3371 3382 3071 5020 5693 4814 5161 6611 6930 13013 16727 10843 12384 19158 12414 4951 1560 5044 5012 3637 3844 2239 1843 3147 2323 4467 6573 5128 2882 964 2035 1907 3550 2555 1451 1669 2360 1692 1824 1484 6326 3003 1467 1634 3054 4690 15589 5605 3814 7101 4057 2793 2029 1896 1201 888 440 308 467 784 223 374 1845 1812 3322 11109 6997 1559 230 77 0 14 1 1 2 6 6671 11934 13703 8852 5496 4308 3439
-9999 0 850 13348 2686 4927 3212 3165 4428 5756 9172 8235 5992 7283 8493 5884 10964 16892 20188 69602 10792 2460 1744 3036 4621 4871 824 4937 2645 3936 4416 3810 836 817 568 989 728 2361 2237 2854 539 664 596 1172 1928 2015 1440 2456 3115 5381 10019 3620 2837 3888 4576 3286 2376 1595 4295 6132 517 747 550 795 1616 694 374 3376 4074 2009 1991 1683 756 17 0 0 1 1 1 1 1 2404 12943 22454 12896 4795 2868 2975
-9999 29 181 1782 350 2011 3236 8386 15568 6159 6993 6326 8171 7962 6935 8259 7745 3447 23607 125796 7719 4340 5648 7223 7354 5344 4761 5386 4540 4123 5215 5728 4626 6123 4743 4543 3736 3772 2781 5487 782 359 1634 3219 2947 3491 1678 1724 2760 5633 3668 2362 4578 3068 5871 3929 2050 1934 1297 2784 1522 1716 1565 979 1569 1036 1055 1960 1961 2064 767 624 336 48 5 0 1 1 1 1 0 3302 9340 11552 11493 5435 6336 2946
-9999 -9999 2423 127 2726 3733 4813 2740 4492 7084 8573 8180 6220 6991 2803 3034 206 0 6325 4665 12245 8428 11713 7775 5151 8064 8256 2735 12941 3814 5272 6071 6764 5772 7008 6859 9291 9347 2956 7903 4279 451 2203 6512 2553 2544 2651 3251 4626 15162 8645 5605 6495 2542 3649 3629 1440 3076 3764 433 1199 2003 2960 1345 1591 2346 922 457 832 7029 2937 2710 687 77 1 1 1 1 1 0 0 1259 5936 9772 9068 2583 2831 4353
-9999 0 0 16 1124 2097 3285 3908 4990 5617 3933 728 217 2458 0 0 0 0 0 721 8832 10008 9798 5338 2775 3040 3287 1728 3319 3048 4237 2896 6216 5375 6602 4634 7758 4121 1800 5333 4767 3406 5471 7961 1277 2800 3510 2344 3316 8044 5708 7936 4878 1938 2865 3645 1672 4023 2816 0 3 862 1421 948 2205 2530 503 220 452 3359 3916 2634 660 48 6 0 1 1 1 1 1 119 8499 11875 11014 3609 2597 2920
-9999 0 0 0 1147 596 910 4347 5891 6390 3365 0 0 0 0 0 0 0 0 0 2907 5598 5090 6380 3910 2197 1558 2270 3661 3547 3873 3367 4585 5015 9068 9194 3361 950 874 5682 32686 8357 3673 4024 1969 4855 5379 6618 8640 29872 14913 8544 6386 3758 5619 5189 2606 2420 527 0 0 607 1496 2074 1782 1427 987 320 639 1976 2559 4010 1037 68 12 0 0 0 1 1 1 3 7442 11820 12174 5231 1463 2546
-9999 0 0 0 0 17 0 1295 4971 4517 5589 253 0 0 0 0 0 0 39 2968 78 2941 2424 9107 6885 3521 1697 3797 6827 11353 11403 10704 10960 5388 4569 4904 3859 2131 3649 5234 5268 11364 28460 5991 3017 2834 4011 70368 130432 63737 20764 6197 4346 5107 4029 7466 2470 3313 1382 0 16 351 1259 4408 5655 2798 2204 1017 989 2322 1241 6253 1579 46 1 0 0 0 0 0 1 1 4067 11189 10090 4000 2811 2809
-9999 0 0 0 0 0 362 248 3868 5479 854 0 879 3048 4724 1889 2631 2117 2544 5894 6199 9465 8441 8335 6495 3496 3764 7409 12138 15938 18750 15949 4987 878 1637 5158 5959 4428 4012 7260 4516 4545 4922 2170 4544 18569 7132 16583 39133 7306 9879 3495 3448 4341 2602 3236 2850 3865 4759 51 0 38 421 1229 1945 1709 4374 3683 3186 2621 2809 2172 308 0 0 0 0 0 333 1753 705 15 7523 16643 7922 2591 2801 3043
-9999 0 0 0 0 1716 4479 60 3397 2183 0 0 5010 4995 8222 6767 14712 6778 7130 6282 3906 6184 7428 10405 18358 8995 11488 16536 12421 13313 27092 6948 1636 251 882 3119 4149 4275 3711 5688 4769 1220 1500 1742 7651 18673 4969 2496 18 382 2544 3329 2108 2975 2687 1813 1907 5817 4769 1921 0 0 0 0 4 226 1986 2913 5114 6577 6882 4558 3587 0 0 0 0 0 2260 13661 12275 12637 13135 12436 9669 2248 2029 2288
0 103 2234 285 2252 5286 9028 391 81 13 0 0 4101 8889 9376 7538 6423 6712 5285 6480 7414 7065 7818 9040 11074 11070 12920 11524 11005 9294 9549 2789 117 3 0 3251 4274 4310 4321 6034 5312 608 530 1510 3935 7698 7248 4121 733 465 1278 1229 3372 2476 3316 1050 2269 4897 2162 9871 1136 0 0 5 26 3331 8725 30873 19203 7321 7306 8666 8656 4758 6323 8385 7923 6628 8600 14244 11530 14639 12285 8381 5400 2564 2978 2159
81 4454 5310 5372 281 322 3514 2355 2990 2066 3835 912 417 5276 7079 6108 4986 7407 8512 7481 7655 10710 10197 13463 14706 11629 12000 10651 7952 3596 5836 1196 80 0 0 481 4272 4167 4795 5183 4396 698 1665 616 1581 5076 7800 5160 1561 1615 2400 687 4002 14777 5605 3088 2054 3003 2994 1374 1551 0 0 0 35 2475 9229 12225 11859 9729 10441 21403 13397 9688 22014 14484 12969 9403 9361 14095 13109 10611 6617 6303 5228 4367 4550 2268
0 29 825 0 0 1932 2375 2082 2702 4603 3367 2766 14452 7265 7346 8896 5245 7409 25256 9475 13227 16036 15771 12225 13905 9666 11310 12202 11149 8993 7055 2147 1839 0 0 0 2204 4263 3761 4336 3605 1355 2231 1638 1651 3569 7203 3775 4129 2164 796 310 498 11473 10144 4133 2546 2405 3492 5573 2981 2 0 0 0 3048 9554 11086 9894 10479 8955 12398 10618 9558 13330 18639 12287 7795 6967 17180 8905 5435 3295 2587 2372 2885 1507 1355
0 0 0 525 3072 8258 4816 2620 2417 3138 3605 4058 12454 5533 6436 6657 6572 7669 13682 16645 20402 15360 19740 17882 16431 7890 9705 11901 19187 13134 8623 4180 7954 873 0 0 868 4334 6610 5198 3599 1885 1744 1929 2052 2510 6707 7310 4592 4192 609 206 161 350 2619 1143 1497 3740 3200 5957 3536 0 1 1 54 2400 7916 12001 10115 11303 11845 8030 7237 9844 9814 10274 14257 6429 6329 19215 4216 2155 2781 5747 2820 2040 1109 975
0 0 0 161 3603 3063 1837 1279 193 1581 4131 4818 5418 9693 7477 9493 8876 9900 18600 18082 15923 14120 14970 21861 15752 6776 10214 11876 15858 11397 12740 9304 9814 2341 2 23 590 5234 5531 5744 2537 780 1299 1826 1893 2336 8813 7656 2846 4104 519 195 200 177 776 1043 1231 5664 2934 13717 3172 0 1 2 718 5157 7999 11842 10996 10409 9528 7803 5107 6839 10149 9256 5997 6349 3553 2365 3093 2148 3727 4769 1823 1822 1361 978
0 0 0 2539 4316 3851 2984 1014 200 1891 4504 4684 5530 8877 6175 6217 10535 16659 26682 32880 16059 15270 14949 17257 13333 4045 11647 15542 15397 10976 11309 10110 9564 2447 76 54 197 1456 5840 4010 957 329 767 1305 1791 2407 5976 1765 1030 1961 544 587 1073 572 758 2860 2813 4681 4041 3463 5165 551 1 2 536 4477 7908 11090 11763 10449 7914 6890 4343 8267 8919 6765 11811 11183 3034 1828 1858 2719 4611 5027 2102 1016 972 754
0 0 0 3403 4618 3695 1811 1162 3627 3942 4761 5021 5572 5994 7778 7688 12322 21532 22210 41293 17749 14916 15867 12586 13474 7637 12123 13225 11407 11121 14410 12498 10994 7229 253 108 71 139 1406 600 457 150 153 479 2249 1681 2225 1880 1247 674 668 1601 1618 3865 514 4563 27567 6097 3433 3350 5231 3682 159 2 571 4674 7446 10803 14317 10412 7417 5757 6086 2983 2557 2412 18001 12913 3660 1947 898 1317 3012 5086 3157 1325 1558 1006
0 0 109 6892 4120 1910 2325 3924 5668 5837 7805 3519 4569 5244 7938 20473 17349 18535 15958 17571 15766 18997 15586 13386 7910 5419 7488 5465 5683 6163 10348 12080 14510 11205 5050 246 185 239 1406 2063 1186 234 113 466 2131 1479 2175 1702 1090 933 1018 1303 2429 1079 88 688 29898 10989 3820 3440 5389 8883 1159 2 1840 4877 6212 10217 11064 11384 9203 8765 22388 5306 2958 5863 10149 3291 2812 2006 972 1731 2030 2634 2002 1124 1312 1147
0 0 0 484 4381 2880 3457 4065 5336 4413 5020 4561 5488 5861 7799 11854 16136 16670 22631 15708 14249 14792 16687 19454 9079 4728 7950 6722 6355 7578 5969 11482 13358 11519 10979 8822 7611 7579 5809 5443 3470 502 208 636 1795 1081 1317 2471 2456 2014 1324 658 1434 394 0 3983 28290 3012 3048 5421 12037 4418 654 6 3870 8220 10919 9227 12141 11161 10183 11634 5206 4416 3945 3741 3085 3324 2721 1916 861 1906 869 1408 1654 1441 1028 899
0 0 0 0 595 11037 4112 3096 3198 3494 4432 5514 6361 7396 8532 8061 13076 14344 16861 16554 15011 16662 15971 12512 7891 4854 10681 9004 9390 9203 7997 7057 8462 8687 8587 7595 10015 10032 6944 5392 3256 496 334 741 2044 924 1834 1539 1801 3341 1983 2060 1584 5317 4540 4233 1596 2071 3647 6378 6858 1127 87 23 4624 5865 8191 9089 11476 12770 12777 10634 6436 6633 5524 2692 2076 2244 1364 910 1171 1581 147 345 1590 1088 2189 1166
1 0 0 0 0 116 3243 3365 2214 2759 3122 4549 7962 8896 10685 8026 12102 15340 19489 17376 18252 14636 15084 12465 9706 6244 9008 6183 8196 5421 7752 6475 7901 9027 6383 4887 6097 2970 3811 4438 2384 343 443 758 1981 767 1066 1696 1164 3682 3203 3945 1749 4316 1484 462 356 2237 3293 9290 6850 1089 154 996 6893 8969 8990 12027 13828 13874 13977 9062 8065 8161 5327 2763 1722 817 625 603 845 1344 2730 912 1951 658 820 964
3 0 0 0 0 4316 3623 2595 2629 2647 3654 4726 8518 13938 9701 7419 13798 18481 18429 15648 18389 10752 6423 3591 5537 8781 7332 4913 8090 8327 6282 7482 6708 8772 5195 7310 2126 1582 2754 3562 2175 848 544 896 1406 863 1023 1121 1424 1892 938 2198 526 1093 1588 369 246 510 1933 2176 3400 782 523 4661 7489 8764 10246 13589 13911 14815 13003 13062 3929 4758 3276 2341 3737 1014 1405 1257 705 1848 1474 1957 1992 634 1299 961
-9999 0 0 57 586 5549 3531 2716 3377 2831 4500 6135 6333 10087 5386 5732 7530 12992 8403 3600 2547 4077 4654 3060 3280 6914 6080 9225 9241 8240 5740 5686 5130 4996 5408 7431 1598 895 1387 2579 2068 1198 991 1138 1871 705 574 593 1443 3089 1510 697 449 375 229 282 202 214 1146 9821 12174 2840 3882 7908 7855 9434 12387 15343 18251 10098 4542 13928 3517 1740 2806 2343 5086 3313 2094 2905 1927 1563 1991 1406 1805 873 1142 1077
-9999 -9999 -9999 3333 6159 5657 3197 3372 4351 5059 4483 5409 7829 7767 5821 4088 1238 2017 4582 3256 2230 11490 3981 1754 3431 7256 7552 8383 4626 4133 3612 1391 1469 2570 1014 1028 2192 677 1800 2761 1373 1297 1297 1271 1598 778 482 245 663 2234 2758 1230 515 801 687 302 296 364 1514 3263 7617 4025 7062 11729 10463 13113 17750 14446 6592 3224 6387 3015 5045 3278 2104 769 7006 4933 3902 2648 2679 1491 1220 1121 2344 1546 1331 1239
-9999 -9999 -9999 -9999 -9999 1878 2570 3265 3572 4619 5184 7995 35479 10048 8601 5755 1291 3152 3373 2798 2785 2240 1838 1905 3128 6002 6082 4410 2431 1516 425 225 358 401 330 820 1285 560 720 890 1019 1277 1585 4198 2204 1168 622 533 789 1799 5485 1434 854 2891 4507 456 231 175 451 1220 11773 5821 9704 12969 20078 13301 14359 7898 2888 3951 46012 53590 10735 3333 5572 3327 2909 4330 4189 2871 2992 2212 1596 1282 1760 1326 1086 2273
-9999 -9999 -9999 -9999 -9999 -9999 -9999 2043 4336 4237 5707 6035 11889 6800 6766 7912 2652 1824 2022 2556 1024 1102 1079 595 1368 2502 3099 2063 1013 578 254 217 264 518 499 398 676 457 451 414 482 708 2461 11849 6448 2199 1511 1762 2600 2322 3715 1898 1176 532 594 370 378 285 227 2462 19619 22162 7420 11695 17169 13085 6091 2143 6245 25532 6376 3961 4753 4856 5506 2810 3505 3865 3062 3595 3002 2395 1646 479 339 322 1254 1553
-9999 -9999 -9999 -9999 -9999 -9999 -9999 -9999 -9999 2510 4144 4716 7964 5725 4708 5314 2920 1270 1244 1060 575 595 227 138 478 672 1134 736 398 269 319 266 321 519 553 464 617 496 410 352 694 1466 770 730 947 725 774 1062 1308 1827 1628 663 285 189 380 519 396 1872 826 3241 14094 15391 3180 17684 24845 18490 4553 43579 25880 7834 1984 642 1138 2595 3330 2414 3679 2471 2513 3903 5995 10812 1958 277 113 157 921 1395
-9999 -9999 -9999 -9999 -9999 -9999 -9999 -9999 -9999 -9999 1672 5669 10475 8988 6203 10828 6484 1913 1107 878 929 609 255 118 173 218 283 341 400 996 1032 438 212 219 180 250 294 227 308 367 689 451 313 455 367 296 643 659 727 760 800 443 172 102 185 508 384 953 1133 3716 9155 25603 25160 47041 36746 28982 108208 128255 7420 1967 800 541 1277 2185 2612 2239 7374 4500 2630 4582 2969 2297 2273 1638 132 474 1503 1996
-9999 -9999 -9999 -9999 -9999 -9999 -9999 -9999 -9999 -9999 -9999 -9999 12331 11975 8186 8867 7496 6796 1341 1736 4487 764 821 524 522 445 263 294 447 509 600 353 190 85 70 81 85 77 97 271 200 319 247 254 116 139 296 284 238 239 318 264 121 62 162 376 378 539 554 2781 6598 38120 64363 40475 42950 49234 499227 148276 17475 4899 993 761 549 1285 2487 9037 12093 7701 4598 3270 2499 1320 961 2926 560 220 936 1321
-9999 -9999 -9999 -9999 -9999 -9999 -9999 -9999 -9999 -9999 -9999 -9999 -9999 -9999 3391 7198 9163 6023 1388 888 1672 492 924 490 205 415 273 198 256 323 347 227 170 97 55 46 71 102 122 200 158 213 496 179 99 119 152 207 171 184 218 188 77 51 105 217 299 390 418 985 8571 19332 101841 294769 141722 433978 386693 135066 22270 8265 5185 3419 1074 1257 2750 9693 23699 10521 4913 3822 1847 1972 2304 2246 1813 612 772 1277
-9999 -9999 -9999 -9999 -9999 -9999 -9999 -9999 -9999 -9999 -9999 -9999 -9999 -9999 -9999 -9999 4183 11115 2254 1972 4156 1923 663 204 135 353 192 163 215 305 205 172 188 130 57 93 203 364 322 299 290 161 288 141 133 141 167 169 110 254 325 340 123 44 47 99 189 265 434 475 3122 34063 7583 13438 186103 80324 223582 40592 2549 942 1318 2110 561 670 2854 6957 11777 10984 4764 4455 1815 1498 2048 1262 2158 1134 469 755
-9999 -9999 -9999 -9999 -9999 -9999 -9999 -9999 -9999 -9999 -9999 -9999 -9999 -9999 -9999 -9999 -9999 -9999 5217 2015 2471 950 152 60 115 200 111 178 282 279 176 170 186 150 149 211 406 638 296 174 175 125 257 250 172 137 138 136 139 496 613 600 127 45 42 102 230 223 454 536 2336 28349 18901 50221 2668 288 4372 28000 3490 918 698 564 578 2503 9264 9512 9586 8746 5005 5462 2262 2257 2177 1587 2045 1060 1144 1649
-9999 -9999 -9999 -9999 -9999 -9999 -9999 -9999 -9999 -9999 -9999 -9999 -9999 -9999 -9999 -9999 -9999 -9999 -9999 286 336 220 72 49 136 187 99 177 474 600 226 145 243 333 468 393 536 765 367 158 106 185 354 322 189 131 195 263 572 443 291 304 111 48 45 100 194 215 296 350 721 9959 21858 47593 1626 1122 910 3580 8600 2431 584 897 547 2314 12744 13273 11885 4951 3076 3190 3304 5110 1458 1378 4768 2356 1184 834
-9999 -9999 -9999 -9999 -9999 -9999 -9999 -9999 -9999 -9999 -9999 -9999 -9999 -9999 -9999 -9999 -9999 -9999 -9999 -9999 -9999 34 57 40 48 58 65 96 229 415 137 127 319 648 382 234 240 336 285 210 176 381 508 882 553 208 243 599 488 324 324 162 54 44 47 71 142 250 197 274 1233 3464 2941 902 539 354 413 21448 47767 4659 984 771 491 3065 14250 15253 13776 6366 5823 3192 3109 2823 1875 1598 1516 952 677 1460
-9999 -9999 -9999 -9999 -9999 -9999 -9999 -9999 -9999 -9999 -9999 -9999 -9999 -9999 -9999 -9999 -9999 -9999 -9999 -9999 -9999 -9999 -9999 22 67 99 70 77 91 87 77 378 631 440 257 220 218 286 400 344 254 473 838 949 994 411 252 795 375 364 315 129 46 48 96 135 158 318 200 178 678 730 615 839 1443 610 978 9109 7859 759 942 1702 1850 4700 23932 17149 9312 4641 3128 3425 3558 3603 2412 2552 2404 1229 1184 1214
-9999 -9999 -9999 -9999 -9999 -9999 -9999 -9999 -9999 -9999 -9999 -9999 -9999 -9999 -9999 -9999 -9999 -9999 -9999 -9999 -9999 -9999 -9999 -9999 -9999 70 68 78 83 200 279 651 636 679 599 359 251 345 671 555 485 558 741 1754 1381 786 470 530 493 380 216 108 49 77 213 395 271 530 191 195 233 310 457 358 1704 360 671 3904 509 150 167 564 1905 1530 6038 6967 3359 4330 3662 6228 4729 3635 2175 2282 2023 1004 1168 1188
-9999 -9999 -9999 -9999 -9999 -9999 -9999 -9999 -9999 -9999 -9999 -9999 -9999 -9999 -9999 -9999 -9999 -9999 -9999 -9999 -9999 -9999 -9999 -9999 -9999 -9999 9 37 85 1413 720 398 764 1179 766 386 286 291 698 958 555 443 617 943 902 595 327 403 416 168 112 65 51 80 205 587 268 186 139 205 188 275 342 447 936 534 640 701 321 164 105 86 181 583 3492 3984 4347 5845 7408 8248 2834 4541 2605 1403 1727 1384 1406 1275
