GIS/ken_population.asc
ncols         178
nrows         224
xllcorner     -67203.471654228
yllcorner     -518695.09422505
cellsize      5000
NODATA_value  -9999
[rows 78 to 116 of 224, columns 87 to 173 of 178]
97 118 38 22 16 12 9 8 8 6 4 4 3 3 3 2 2 3 3 5 7 9 11 11 10 14 26 34 191 500 465 193 137 172 159 153 152 267 324 302 638 894 1552 2151 3052 2210 1093 717 903 679 412 592 1196 973 1140 666 570 497 262 555 535 644 751 571 394 322 275 318 378 433 433 -9999 -9999 -9999 -9999 -9999 -9999 -9999 -9999 -9999 -9999 -9999 -9999 -9999 -9999 -9999 -9999
170 168 38 19 14 13 10 9 7 7 6 3 3 3 2 2 3 3 4 8 11 12 14 13 10 11 17 27 52 337 511 215 225 203 212 193 199 155 128 211 354 506 582 599 696 903 1189 1543 2209 1488 725 1168 1506 1628 956 994 495 424 505 487 473 659 1027 639 378 242 221 239 248 283 249 -9999 -9999 -9999 -9999 -9999 -9999 -9999 -9999 -9999 -9999 -9999 -9999 -9999 -9999 -9999 -9999
158 185 80 42 37 30 26 21 14 10 8 5 3 3 2 2 3 4 6 13 23 30 30 19 13 13 16 24 44 112 287 146 166 283 176 112 119 117 122 191 196 300 477 539 445 617 1365 2616 2921 8228 7408 1846 1267 998 686 741 411 352 342 315 438 627 653 449 347 299 248 206 189 210 178 -9999 -9999 -9999 -9999 -9999 -9999 -9999 -9999 -9999 -9999 -9999 -9999 -9999 -9999 -9999 -9999
113 87 61 40 30 26 26 22 18 16 16 16 10 3 2 3 3 4 11 23 31 45 46 29 18 23 31 37 42 57 124 202 204 147 103 98 128 119 108 191 200 204 258 491 536 533 1136 2295 5276 112574 66314 7065 1822 940 760 704 485 400 381 462 643 507 462 440 411 369 306 243 218 229 185 -9999 -9999 -9999 -9999 -9999 -9999 -9999 -9999 -9999 -9999 -9999 -9999 -9999 -9999 -9999 -9999
231 89 53 35 28 22 21 18 12 5 5 6 6 3 3 3 3 4 7 17 23 39 39 32 31 27 22 19 23 28 43 174 160 125 104 103 113 106 112 257 270 208 201 340 564 632 1429 2456 3007 10612 4054 3041 1703 1142 800 772 825 702 471 404 323 263 236 221 283 349 389 393 398 405 384 -9999 -9999 -9999 -9999 -9999 -9999 -9999 -9999 -9999 -9999 -9999 -9999 -9999 -9999 -9999 -9999
252 95 63 40 24 17 16 15 9 8 5 4 3 3 3 3 5 10 10 16 22 25 27 24 19 16 18 18 17 23 35 45 88 156 157 113 132 233 404 536 302 241 283 418 764 645 787 1086 1844 2926 3819 2125 1288 781 620 588 830 488 216 185 149 218 273 116 90 108 114 123 157 179 317 -9999 -9999 -9999 -9999 -9999 -9999 -9999 -9999 -9999 -9999 -9999 -9999 -9999 -9999 -9999 -9999
312 132 71 24 9 6 5 4 4 5 4 4 3 3 3 4 8 17 15 15 16 14 15 13 16 20 22 19 18 17 24 38 30 50 193 375 417 449 489 680 840 369 308 316 511 465 470 1041 1677 1676 1464 1484 977 704 495 281 238 217 224 262 187 252 514 252 97 97 106 112 151 129 156 -9999 -9999 -9999 -9999 -9999 -9999 -9999 -9999 -9999 -9999 -9999 -9999 -9999 -9999 -9999 -9999
271 111 29 12 8 6 4 4 4 4 4 3 3 2 3 6 13 15 16 13 13 11 12 14 14 15 18 15 14 16 18 24 23 25 124 569 552 486 423 510 694 351 194 190 239 268 342 630 1102 1136 942 905 793 562 301 137 182 166 177 219 201 269 610 631 128 94 95 131 183 137 139 -9999 -9999 -9999 -9999 -9999 -9999 -9999 -9999 -9999 -9999 -9999 -9999 -9999 -9999 -9999 -9999
219 49 32 16 8 6 4 5 5 4 3 3 3 3 3 10 18 18 17 16 14 13 11 9 12 16 14 14 12 11 12 19 31 35 84 317 558 398 301 318 374 484 208 187 169 158 213 526 519 756 577 538 515 412 184 117 131 151 157 148 131 150 443 553 195 109 112 147 129 171 214 -9999 -9999 -9999 -9999 -9999 -9999 -9999 -9999 -9999 -9999 -9999 -9999 -9999 -9999 -9999 -9999
207 50 58 26 8 7 8 8 6 4 3 2 3 3 4 12 18 18 22 20 18 16 11 14 14 12 11 9 7 7 9 15 67 191 572 803 886 445 376 505 625 540 260 163 157 208 404 547 346 401 421 317 323 408 231 128 105 108 112 93 96 131 194 235 277 323 251 183 139 128 150 -9999 -9999 -9999 -9999 -9999 -9999 -9999 -9999 -9999 -9999 -9999 -9999 -9999 -9999 -9999 -9999
157 52 50 31 10 9 22 22 10 8 4 3 3 3 5 15 19 17 28 20 14 14 13 11 9 6 6 5 5 6 7 11 47 313 318 871 993 736 401 752 1277 616 217 151 159 356 562 434 617 776 511 316 373 538 479 187 107 77 72 62 77 121 205 229 202 362 335 283 136 111 161 -9999 -9999 -9999 -9999 -9999 -9999 -9999 -9999 -9999 -9999 -9999 -9999 -9999 -9999 -9999 -9999
66 41 56 32 10 11 22 19 24 13 10 3 2 3 3 8 13 27 61 53 22 13 11 6 4 3 4 5 5 6 7 10 23 273 199 218 301 808 527 353 344 548 484 286 224 563 579 226 200 319 314 274 365 540 609 223 132 87 71 56 64 111 169 164 158 278 271 235 184 85 75 -9999 -9999 -9999 -9999 -9999 -9999 -9999 -9999 -9999 -9999 -9999 -9999 -9999 -9999 -9999 -9999
46 21 27 15 6 5 10 17 16 11 8 3 2 2 3 10 38 49 55 62 78 35 7 4 4 4 4 5 5 5 7 10 18 182 296 240 337 558 455 209 228 375 517 766 648 653 410 173 123 110 129 126 179 270 600 301 169 102 88 73 79 109 139 148 172 260 127 0 6 0 0 -9999 -9999 -9999 -9999 -9999 -9999 -9999 -9999 -9999 -9999 -9999 -9999 -9999 -9999 -9999 -9999
37 19 15 7 3 4 11 15 13 5 3 2 2 2 10 137 104 55 69 75 115 107 40 10 7 5 5 6 6 5 7 9 15 58 645 314 330 652 404 215 236 302 379 943 1857 1201 268 147 112 114 113 94 105 146 330 328 179 145 140 112 87 100 127 133 163 206 105 0 0 0 0 -9999 -9999 -9999 -9999 -9999 -9999 -9999 -9999 -9999 -9999 -9999 -9999 -9999 -9999 -9999 -9999
21 14 12 5 3 3 10 17 10 2 2 2 2 11 52 131 201 133 92 163 173 265 146 147 22 17 34 27 10 7 7 8 11 27 533 474 805 1170 395 241 280 367 499 936 1995 1093 299 118 89 92 112 131 142 183 178 182 231 295 326 202 126 98 103 133 137 198 51 0 0 0 2 -9999 -9999 -9999 -9999 -9999 -9999 -9999 -9999 -9999 -9999 -9999 -9999 -9999 -9999 -9999 -9999
19 12 12 5 3 3 5 8 4 2 2 2 3 17 42 81 182 251 113 80 242 208 383 106 52 30 91 94 19 15 13 10 11 24 230 738 1516 1452 478 290 511 467 725 826 1424 631 342 152 75 84 111 211 281 245 189 167 217 560 865 473 189 109 104 128 126 173 15 0 0 0 4 -9999 -9999 -9999 -9999 -9999 -9999 -9999 -9999 -9999 -9999 -9999 -9999 -9999 -9999 -9999 -9999
23 16 14 7 3 3 3 3 3 3 3 3 3 25 34 68 109 146 224 210 159 81 100 94 92 86 79 183 178 108 21 14 15 21 61 1380 2151 1733 467 438 636 670 332 199 1010 798 332 160 63 94 134 229 396 436 287 230 219 311 511 454 222 145 127 135 131 146 87 0 0 0 0 -9999 -9999 -9999 -9999 -9999 -9999 -9999 -9999 -9999 -9999 -9999 -9999 -9999 -9999 -9999 -9999
41 28 16 13 7 3 3 3 3 3 3 3 4 27 42 68 141 173 326 324 265 48 42 67 76 59 57 143 224 259 198 48 29 25 49 1533 3639 1788 772 1009 721 223 146 184 316 526 117 64 47 67 115 181 381 973 895 512 265 255 256 188 153 133 122 125 143 135 282 246 34 0 0 -9999 -9999 -9999 -9999 -9999 -9999 -9999 -9999 -9999 -9999 -9999 -9999 -9999 -9999 -9999 -9999
72 57 25 16 12 3 3 3 4 4 4 4 9 27 51 100 176 305 1841 1890 153 45 35 43 50 43 51 145 430 198 158 109 225 101 47 133 5354 3417 1515 1304 288 173 161 177 150 205 112 68 60 67 86 214 310 1314 1988 940 158 204 246 201 156 135 119 124 158 250 652 723 821 714 928 -9999 -9999 -9999 -9999 -9999 -9999 -9999 -9999 -9999 -9999 -9999 -9999 -9999 -9999 -9999 -9999
61 73 50 18 17 5 4 5 5 7 15 14 30 41 64 129 387 989 583 215 104 52 40 63 79 77 66 129 655 209 77 62 79 92 107 209 4489 27445 2138 1253 522 291 222 215 224 175 125 102 83 92 168 255 250 326 548 144 88 89 98 83 123 129 116 126 175 572 700 894 1300 2210 2173 -9999 -9999 -9999 -9999 -9999 -9999 -9999 -9999 -9999 -9999 -9999 -9999 -9999 -9999 -9999 -9999
35 50 35 41 43 10 6 6 7 9 17 23 26 67 98 247 521 634 191 172 173 75 35 65 78 75 92 140 240 49 17 16 19 31 59 346 2174 4060 1274 561 395 289 160 133 139 156 187 153 100 101 254 269 228 252 177 208 99 110 68 57 67 103 120 125 125 257 487 885 1585 2761 2324 -9999 -9999 -9999 -9999 -9999 -9999 -9999 -9999 -9999 -9999 -9999 -9999 -9999 -9999 -9999 -9999
25 29 33 58 58 16 8 8 9 13 56 44 27 75 202 263 357 448 141 138 257 92 39 62 82 89 87 73 59 24 9 11 26 513 1388 702 1164 2320 1438 243 174 165 161 130 111 129 250 326 151 89 87 137 176 196 86 229 162 107 77 65 74 107 151 124 121 129 158 356 788 795 488 -9999 -9999 -9999 -9999 -9999 -9999 -9999 -9999 -9999 -9999 -9999 -9999 -9999 -9999 -9999 -9999
23 25 37 56 51 19 17 31 41 43 65 55 44 68 137 175 352 262 96 94 131 89 38 24 51 75 60 41 42 32 10 26 332 1455 1329 600 560 836 586 222 151 146 140 128 100 90 130 326 418 96 73 81 90 77 67 126 228 174 110 75 86 107 198 160 125 129 157 340 303 275 243 -9999 -9999 -9999 -9999 -9999 -9999 -9999 -9999 -9999 -9999 -9999 -9999 -9999 -9999 -9999 -9999
34 45 60 58 46 30 48 100 104 83 54 65 190 277 302 382 263 209 76 128 276 106 34 17 28 30 34 34 39 34 20 461 1200 684 404 394 620 730 527 372 124 140 130 70 60 62 87 209 342 102 91 88 72 63 58 75 120 239 162 101 98 129 203 193 175 143 155 311 274 216 257 -9999 -9999 -9999 -9999 -9999 -9999 -9999 -9999 -9999 -9999 -9999 -9999 -9999 -9999 -9999 -9999
62 79 82 130 99 45 71 118 115 88 48 48 189 284 183 217 252 312 89 65 92 84 27 19 22 27 32 37 52 65 75 1989 1032 709 360 294 303 381 442 327 214 136 110 44 37 39 116 225 279 116 120 93 87 79 75 74 72 163 189 152 84 171 196 178 243 201 167 236 284 197 382 -9999 -9999 -9999 -9999 -9999 -9999 -9999 -9999 -9999 -9999 -9999 -9999 -9999 -9999 -9999 -9999
78 135 109 153 79 48 43 64 86 81 51 35 73 129 116 181 206 261 60 19 23 26 21 19 26 29 37 47 79 224 4321 2706 1087 1025 716 396 314 400 532 323 430 155 82 47 46 162 499 241 289 572 138 182 197 175 135 137 130 198 190 212 147 244 215 199 228 330 300 255 248 355 615 -9999 -9999 -9999 -9999 -9999 -9999 -9999 -9999 -9999 -9999 -9999 -9999 -9999 -9999 -9999 -9999
117 100 148 59 45 36 43 51 61 47 47 52 54 69 77 102 110 81 26 22 16 14 20 21 25 36 50 78 148 740 8422 2982 1086 993 688 605 493 421 967 1188 638 332 61 159 417 629 436 340 160 718 622 180 153 278 442 519 475 316 178 274 495 378 257 212 201 240 310 553 556 581 646 -9999 -9999 -9999 -9999 -9999 -9999 -9999 -9999 -9999 -9999 -9999 -9999 -9999 -9999 -9999 -9999
108 58 53 37 64 126 66 45 49 45 43 81 88 64 52 62 50 35 35 26 13 11 12 13 20 54 70 419 601 1004 1420 2150 1708 1361 1322 1037 710 411 515 1064 826 177 299 1453 575 508 460 408 343 550 529 259 133 155 279 329 351 316 250 213 334 500 340 260 217 230 281 452 535 397 302 -9999 -9999 -9999 -9999 -9999 -9999 -9999 -9999 -9999 -9999 -9999 -9999 -9999 -9999 -9999 -9999
42 32 62 149 431 585 211 184 171 156 130 113 105 78 88 122 70 59 69 30 19 26 41 47 61 236 287 532 610 841 980 1472 1727 1515 1296 1244 1396 1030 476 481 494 294 3101 1789 523 407 328 318 313 301 240 354 264 94 118 131 155 457 350 210 261 657 1042 474 290 254 271 370 451 352 273 -9999 -9999 -9999 -9999 -9999 -9999 -9999 -9999 -9999 -9999 -9999 -9999 -9999 -9999 -9999 -9999
103 145 207 355 940 1082 340 244 353 234 147 122 97 109 182 317 193 139 161 63 46 57 520 881 334 398 743 1049 1224 1314 1324 1723 2319 1154 412 469 352 414 362 349 466 821 1999 1572 740 402 247 236 221 169 202 265 228 71 66 72 113 196 180 149 189 425 1226 550 335 312 377 645 735 425 269 -9999 -9999 -9999 -9999 -9999 -9999 -9999 -9999 -9999 -9999 -9999 -9999 -9999 -9999 -9999 -9999
425 515 436 629 1186 1102 313 128 166 136 90 71 65 103 199 2312 232 128 403 511 394 262 768 1027 405 843 1131 1179 1058 1070 998 1248 2349 574 225 151 219 297 337 509 632 644 955 1250 1169 592 373 263 177 71 107 179 164 58 47 62 79 76 66 65 84 187 540 308 233 263 357 716 950 512 381 -9999 -9999 -9999 -9999 -9999 -9999 -9999 -9999 -9999 -9999 -9999 -9999 -9999 -9999 -9999 -9999
752 979 1151 1867 2061 725 166 62 61 92 142 127 69 76 118 100 84 83 141 2838 2980 732 590 958 593 964 917 881 816 739 693 860 1970 1474 388 242 375 488 459 715 1317 817 482 591 735 899 520 202 66 51 54 108 161 70 54 65 59 47 46 46 56 79 296 231 192 239 317 484 632 729 777 -9999 -9999 -9999 -9999 -9999 -9999 -9999 -9999 -9999 -9999 -9999 -9999 -9999 -9999 -9999 -9999
923 1130 1797 4338 7085 1196 199 145 173 132 219 166 103 69 52 48 42 39 72 1503 4381 838 811 1293 895 873 581 443 515 354 290 445 624 1726 590 412 633 1011 380 457 1034 679 424 398 379 371 330 124 76 79 86 115 202 117 88 78 63 48 42 41 46 58 212 233 212 210 297 413 610 1311 2231 -9999 -9999 -9999 -9999 -9999 -9999 -9999 -9999 -9999 -9999 -9999 -9999 -9999 -9999 -9999 -9999
1699 1376 2823 26727 15976 2924 394 182 273 171 139 302 123 48 25 24 22 23 40 340 3787 3214 1029 1660 894 898 331 312 327 361 325 385 360 926 782 304 383 354 262 322 359 524 616 387 201 361 452 408 222 309 389 248 307 268 127 97 69 57 59 63 63 69 110 151 250 266 302 476 1053 1869 3052 -9999 -9999 -9999 -9999 -9999 -9999 -9999 -9999 -9999 -9999 -9999 -9999 -9999 -9999 -9999 -9999
2953 5291 15183 34604 14075 820 204 102 901 635 145 126 111 36 22 19 18 19 29 56 879 1864 942 1042 867 759 364 351 390 368 366 427 365 585 644 222 197 206 210 244 357 411 388 264 238 365 486 410 222 412 1132 1233 376 549 258 161 131 112 131 140 138 133 179 172 523 542 416 838 1066 768 684 -9999 -9999 -9999 -9999 -9999 -9999 -9999 -9999 -9999 -9999 -9999 -9999 -9999 -9999 -9999 -9999
4416 18193 31186 35042 13105 4479 2068 497 1094 999 407 137 85 26 17 15 14 14 19 49 441 724 727 612 713 602 522 402 353 369 352 405 371 472 755 287 210 253 283 314 234 215 152 258 472 341 264 222 189 335 540 680 586 583 531 376 278 214 189 212 258 162 189 349 610 623 438 484 456 405 306 -9999 -9999 -9999 -9999 -9999 -9999 -9999 -9999 -9999 -9999 -9999 -9999 -9999 -9999 -9999 -9999
9938 19547 34825 26333 15710 8908 3190 70 458 1053 710 177 109 28 16 14 11 11 12 34 241 668 845 835 813 811 651 413 415 424 467 396 343 415 769 475 228 262 307 156 106 122 183 246 352 290 141 135 166 346 569 475 392 546 775 1016 709 323 293 509 494 287 741 968 472 273 278 316 320 278 208 -9999 -9999 -9999 -9999 -9999 -9999 -9999 -9999 -9999 -9999 -9999 -9999 -9999 -9999 -9999 -9999
18835 4261 21185 30861 8532 4500 112 10 61 272 284 147 85 82 42 19 13 10 12 24 94 1222 615 724 700 792 933 921 565 534 451 418 367 342 831 2190 416 201 275 153 185 281 360 359 375 322 258 142 125 294 406 356 316 458 5908 23849 1209 717 718 451 542 567 669 525 280 186 166 225 229 228 166 -9999 -9999 -9999 -9999 -9999 -9999 -9999 -9999 -9999 -9999 -9999 -9999 -9999 -9999 -9999 -9999
16496 13717 14828 18883 4670 758 11 10 24 12 71 76 98 238 102 74 25 13 12 17 123 1816 937 736 812 685 1360 1220 937 608 583 458 421 524 752 2418 860 361 234 288 314 335 405 435 445 453 451 308 122 148 188 214 199 427 4228 17781 1502 674 972 556 347 288 270 262 244 255 226 196 176 167 131 -9999 -9999 -9999 -9999 -9999 -9999 -9999 -9999 -9999 -9999 -9999 -9999 -9999 -9999 -9999 -9999
