GIS/ken_travel.asc
ncols         178
nrows         224
xllcorner     -67203.471654228
yllcorner     -518695.09422505
cellsize      5000
NODATA_value  -9999
[rows 0 to 45 of 224, columns 0 to 95 of 178]
-9999 -9999 -9999 -9999 -9999 -9999 -9999 -9999 -9999 -9999 -9999 -9999 -9999 -9999 -9999 -9999 -9999 -9999 -9999 -9999 -9999 -9999 -9999 -9999 -9999 -9999 -9999 -9999 -9999 -9999 963 872 876 843 769 764 700 648 -9999 -9999 -9999 -9999 -9999 -9999 -9999 -9999 -9999 -9999 -9999 -9999 -9999 -9999 -9999 -9999 -9999 -9999 -9999 -9999 -9999 -9999 -9999 -9999 -9999 -9999 -9999 -9999 -9999 -9999 -9999 -9999 -9999 -9999 -9999 -9999 -9999 -9999 -9999 -9999 -9999 -9999 -9999 -9999 -9999 -9999 -9999 -9999 -9999 -9999 -9999 -9999 -9999 -9999 -9999 -9999 -9999 -9999
-9999 -9999 -9999 -9999 -9999 -9999 -9999 -9999 -9999 -9999 -9999 -9999 -9999 -9999 -9999 -9999 -9999 -9999 -9999 -9999 -9999 -9999 -9999 -9999 -9999 -9999 -9999 -9999 -9999 -9999 1051 949 936 880 885 871 770 728 669 585 543 422 -9999 -9999 -9999 -9999 -9999 -9999 -9999 -9999 -9999 -9999 -9999 -9999 -9999 -9999 -9999 -9999 -9999 -9999 -9999 -9999 -9999 -9999 -9999 -9999 -9999 -9999 -9999 -9999 -9999 -9999 -9999 -9999 -9999 -9999 -9999 -9999 -9999 -9999 -9999 -9999 -9999 -9999 -9999 -9999 -9999 -9999 -9999 -9999 -9999 -9999 -9999 -9999 -9999 -9999
-9999 -9999 -9999 -9999 -9999 -9999 -9999 -9999 -9999 -9999 -9999 -9999 -9999 -9999 -9999 -9999 -9999 -9999 -9999 -9999 -9999 -9999 -9999 -9999 -9999 -9999 -9999 -9999 -9999 1069 1104 1017 998 981 949 932 814 749 673 601 551 476 377 -9999 -9999 -9999 -9999 -9999 -9999 -9999 -9999 -9999 -9999 -9999 -9999 -9999 -9999 -9999 -9999 -9999 -9999 -9999 -9999 -9999 -9999 -9999 -9999 -9999 -9999 -9999 -9999 -9999 -9999 -9999 -9999 -9999 -9999 -9999 -9999 -9999 -9999 -9999 -9999 -9999 -9999 -9999 -9999 -9999 -9999 -9999 -9999 -9999 -9999 -9999 -9999 -9999
-9999 -9999 -9999 -9999 -9999 -9999 -9999 -9999 -9999 -9999 -9999 -9999 -9999 -9999 -9999 -9999 -9999 -9999 -9999 -9999 -9999 -9999 -9999 -9999 -9999 -9999 -9999 -9999 1023 1093 1079 1051 983 947 891 845 765 720 646 576 532 450 406 -9999 -9999 -9999 -9999 -9999 -9999 -9999 -9999 -9999 -9999 -9999 -9999 -9999 -9999 -9999 -9999 -9999 -9999 -9999 -9999 -9999 -9999 -9999 -9999 -9999 -9999 -9999 -9999 -9999 -9999 -9999 -9999 -9999 -9999 -9999 -9999 -9999 -9999 -9999 -9999 -9999 -9999 -9999 -9999 -9999 -9999 -9999 -9999 -9999 -9999 -9999 -9999 -9999
-9999 -9999 -9999 -9999 -9999 -9999 -9999 -9999 -9999 -9999 -9999 -9999 -9999 -9999 -9999 -9999 -9999 -9999 -9999 -9999 -9999 -9999 -9999 -9999 -9999 -9999 -9999 997 1081 1032 990 944 905 888 816 765 713 676 633 565 517 470 397 -9999 -9999 -9999 -9999 -9999 -9999 -9999 -9999 -9999 -9999 -9999 -9999 -9999 -9999 -9999 -9999 -9999 -9999 -9999 -9999 -9999 -9999 -9999 -9999 -9999 -9999 -9999 -9999 -9999 -9999 -9999 -9999 -9999 -9999 -9999 -9999 -9999 -9999 -9999 -9999 -9999 -9999 -9999 -9999 -9999 -9999 -9999 -9999 -9999 -9999 -9999 -9999 -9999
-9999 -9999 -9999 -9999 -9999 -9999 -9999 -9999 -9999 -9999 -9999 -9999 -9999 -9999 -9999 -9999 -9999 -9999 -9999 -9999 -9999 -9999 -9999 -9999 -9999 -9999 963 1011 1062 993 946 882 836 809 752 697 655 629 574 568 526 458 443 328 -9999 -9999 -9999 -9999 -9999 -9999 -9999 -9999 -9999 -9999 -9999 -9999 -9999 -9999 -9999 -9999 -9999 -9999 -9999 -9999 -9999 -9999 -9999 -9999 -9999 -9999 -9999 -9999 -9999 -9999 -9999 -9999 -9999 -9999 -9999 -9999 -9999 -9999 -9999 -9999 -9999 -9999 -9999 -9999 -9999 -9999 -9999 -9999 -9999 -9999 -9999 -9999
-9999 -9999 -9999 -9999 -9999 -9999 -9999 -9999 -9999 -9999 -9999 -9999 -9999 -9999 -9999 -9999 -9999 -9999 -9999 -9999 -9999 -9999 -9999 -9999 822 921 943 988 1050 983 922 859 787 749 719 658 616 585 540 491 475 461 486 402 -9999 -9999 -9999 -9999 -9999 -9999 -9999 -9999 -9999 -9999 -9999 -9999 -9999 -9999 -9999 -9999 -9999 -9999 -9999 -9999 -9999 -9999 -9999 -9999 -9999 -9999 -9999 -9999 -9999 -9999 -9999 -9999 -9999 -9999 -9999 -9999 -9999 -9999 -9999 -9999 -9999 -9999 -9999 -9999 -9999 -9999 -9999 -9999 -9999 -9999 -9999 -9999
-9999 -9999 -9999 -9999 -9999 -9999 -9999 -9999 -9999 -9999 -9999 -9999 -9999 -9999 -9999 -9999 -9999 -9999 -9999 -9999 -9999 -9999 -9999 721 777 853 926 978 1013 934 885 821 761 682 649 591 550 521 484 449 455 423 356 -9999 -9999 -9999 -9999 -9999 -9999 -9999 -9999 -9999 -9999 -9999 -9999 -9999 -9999 -9999 -9999 -9999 -9999 -9999 -9999 -9999 -9999 -9999 -9999 -9999 -9999 -9999 -9999 -9999 -9999 -9999 -9999 -9999 -9999 -9999 -9999 -9999 -9999 -9999 -9999 -9999 -9999 -9999 -9999 -9999 -9999 -9999 -9999 -9999 -9999 -9999 -9999 -9999
-9999 -9999 -9999 -9999 -9999 -9999 -9999 -9999 -9999 -9999 -9999 -9999 -9999 -9999 -9999 -9999 -9999 -9999 -9999 -9999 -9999 -9999 691 759 802 880 944 991 1005 903 849 778 731 645 592 542 485 459 429 443 382 351 274 -9999 -9999 -9999 -9999 -9999 -9999 -9999 -9999 -9999 -9999 -9999 -9999 -9999 -9999 -9999 -9999 -9999 -9999 -9999 -9999 -9999 -9999 -9999 -9999 -9999 -9999 -9999 -9999 -9999 -9999 -9999 -9999 -9999 -9999 -9999 -9999 -9999 -9999 -9999 -9999 -9999 -9999 -9999 -9999 -9999 -9999 -9999 -9999 -9999 -9999 -9999 -9999 -9999
-9999 -9999 -9999 -9999 -9999 -9999 -9999 -9999 -9999 -9999 -9999 -9999 -9999 -9999 -9999 -9999 -9999 -9999 -9999 -9999 -9999 623 737 784 831 909 986 1013 987 902 852 796 690 593 560 502 462 446 434 398 349 307 222 -9999 -9999 -9999 -9999 -9999 -9999 -9999 -9999 -9999 -9999 -9999 -9999 -9999 -9999 -9999 -9999 -9999 -9999 -9999 -9999 -9999 -9999 -9999 -9999 -9999 -9999 -9999 -9999 -9999 -9999 -9999 -9999 -9999 -9999 -9999 -9999 -9999 -9999 -9999 -9999 -9999 -9999 -9999 -9999 -9999 -9999 -9999 -9999 -9999 -9999 -9999 -9999 -9999
-9999 -9999 -9999 -9999 -9999 -9999 -9999 -9999 -9999 -9999 -9999 -9999 -9999 -9999 -9999 -9999 -9999 -9999 -9999 -9999 584 654 730 793 841 913 1030 1005 955 849 821 775 655 538 503 485 507 507 400 365 316 244 145 -9999 -9999 -9999 -9999 -9999 -9999 -9999 -9999 -9999 -9999 -9999 -9999 -9999 -9999 -9999 -9999 -9999 -9999 -9999 -9999 -9999 -9999 -9999 -9999 -9999 -9999 -9999 -9999 -9999 -9999 -9999 -9999 -9999 -9999 -9999 -9999 -9999 -9999 -9999 -9999 -9999 -9999 -9999 -9999 -9999 -9999 -9999 -9999 -9999 -9999 -9999 -9999 -9999
-9999 -9999 -9999 -9999 -9999 -9999 -9999 -9999 -9999 -9999 -9999 -9999 -9999 -9999 -9999 -9999 -9999 -9999 565 615 656 688 761 848 883 994 1061 1003 902 814 755 713 639 543 531 599 600 491 391 371 321 247 129 113 -9999 -9999 -9999 -9999 -9999 -9999 -9999 -9999 -9999 -9999 -9999 -9999 -9999 -9999 -9999 -9999 -9999 -9999 -9999 -9999 -9999 -9999 -9999 -9999 -9999 -9999 -9999 -9999 -9999 -9999 -9999 -9999 -9999 -9999 -9999 -9999 -9999 -9999 -9999 -9999 -9999 -9999 -9999 -9999 -9999 -9999 -9999 -9999 -9999 -9999 -9999 -9999
-9999 -9999 -9999 -9999 -9999 -9999 -9999 -9999 -9999 -9999 -9999 -9999 -9999 -9999 -9999 -9999 -9999 589 628 680 705 745 808 921 966 1041 1063 1007 902 811 746 642 569 553 634 753 611 519 407 366 343 268 156 106 96 -9999 -9999 -9999 -9999 -9999 -9999 -9999 -9999 -9999 -9999 -9999 -9999 -9999 -9999 -9999 -9999 -9999 -9999 -9999 -9999 -9999 -9999 -9999 -9999 -9999 -9999 -9999 -9999 -9999 -9999 -9999 -9999 -9999 -9999 -9999 -9999 -9999 -9999 -9999 -9999 -9999 -9999 -9999 -9999 -9999 -9999 -9999 -9999 -9999 -9999 -9999
-9999 -9999 -9999 -9999 -9999 -9999 -9999 -9999 -9999 -9999 -9999 -9999 -9999 -9999 -9999 -9999 644 648 695 728 780 837 879 937 984 1063 1072 1025 924 839 752 643 530 570 646 700 557 480 376 352 351 310 191 116 79 -9999 -9999 -9999 -9999 -9999 -9999 -9999 -9999 -9999 -9999 -9999 -9999 -9999 -9999 -9999 -9999 -9999 -9999 -9999 -9999 -9999 -9999 -9999 -9999 -9999 -9999 -9999 -9999 -9999 -9999 -9999 -9999 -9999 -9999 -9999 -9999 -9999 -9999 -9999 -9999 -9999 -9999 -9999 -9999 -9999 -9999 -9999 -9999 -9999 -9999 -9999
-9999 -9999 -9999 -9999 -9999 -9999 -9999 -9999 -9999 -9999 -9999 -9999 -9999 -9999 -9999 588 716 774 838 859 877 901 947 1022 1038 1100 1123 1079 981 890 744 625 530 509 613 726 531 458 359 329 362 310 202 112 61 -9999 -9999 -9999 -9999 -9999 -9999 -9999 -9999 -9999 -9999 -9999 -9999 -9999 -9999 -9999 -9999 -9999 -9999 -9999 -9999 -9999 -9999 -9999 -9999 -9999 -9999 -9999 -9999 -9999 -9999 -9999 -9999 -9999 -9999 -9999 -9999 -9999 -9999 -9999 -9999 -9999 -9999 -9999 -9999 -9999 -9999 -9999 -9999 -9999 -9999 -9999
-9999 -9999 -9999 -9999 -9999 -9999 -9999 -9999 -9999 -9999 -9999 -9999 -9999 -9999 561 705 777 840 934 939 960 974 1027 1066 1104 1149 1136 1082 1020 888 702 626 548 494 550 659 509 450 361 311 347 295 220 98 44 -9999 -9999 -9999 -9999 -9999 -9999 -9999 -9999 -9999 -9999 -9999 -9999 -9999 -9999 -9999 -9999 -9999 -9999 -9999 -9999 -9999 -9999 -9999 -9999 -9999 -9999 -9999 -9999 -9999 -9999 -9999 -9999 -9999 -9999 -9999 -9999 -9999 -9999 -9999 -9999 -9999 -9999 -9999 -9999 -9999 -9999 -9999 -9999 -9999 -9999 -9999
-9999 -9999 -9999 -9999 -9999 -9999 -9999 -9999 -9999 -9999 -9999 -9999 -9999 551 614 705 797 834 892 958 1035 1058 1087 1163 1152 1162 1115 1075 985 829 686 602 519 482 527 595 500 444 346 300 311 287 207 124 33 -9999 -9999 -9999 -9999 -9999 -9999 -9999 -9999 -9999 -9999 -9999 -9999 -9999 -9999 -9999 -9999 -9999 -9999 -9999 -9999 -9999 -9999 -9999 -9999 -9999 -9999 -9999 -9999 -9999 -9999 -9999 -9999 -9999 -9999 -9999 -9999 -9999 -9999 -9999 -9999 -9999 -9999 -9999 -9999 -9999 -9999 -9999 -9999 -9999 -9999 -9999
-9999 -9999 -9999 -9999 -9999 -9999 -9999 -9999 -9999 -9999 -9999 467 499 574 601 674 755 802 871 942 1014 1080 1127 1142 1141 1093 1027 1010 952 787 632 571 488 465 518 595 514 451 358 292 265 257 242 141 90 -9999 -9999 -9999 -9999 -9999 -9999 -9999 -9999 -9999 -9999 -9999 -9999 -9999 -9999 -9999 -9999 -9999 -9999 -9999 -9999 -9999 -9999 -9999 -9999 -9999 -9999 -9999 -9999 -9999 -9999 -9999 -9999 -9999 -9999 -9999 -9999 -9999 -9999 -9999 -9999 -9999 -9999 -9999 -9999 -9999 -9999 -9999 -9999 -9999 -9999 -9999
-9999 -9999 -9999 -9999 -9999 -9999 -9999 -9999 -9999 -9999 349 352 386 465 512 593 661 735 789 867 943 990 1009 1009 1013 1003 929 882 836 713 558 500 418 400 435 481 551 551 451 373 334 326 243 222 202 80 -9999 -9999 -9999 -9999 -9999 -9999 -9999 -9999 -9999 -9999 -9999 -9999 -9999 -9999 -9999 -9999 -9999 -9999 -9999 -9999 -9999 -9999 -9999 -9999 -9999 -9999 -9999 -9999 -9999 -9999 -9999 -9999 -9999 -9999 -9999 -9999 -9999 -9999 -9999 -9999 -9999 -9999 -9999 -9999 -9999 -9999 -9999 -9999 -9999 -9999
-9999 -9999 -9999 -9999 -9999 -9999 -9999 -9999 -9999 316 291 276 349 412 475 560 637 712 764 841 912 912 917 925 935 970 899 843 753 654 555 503 426 381 399 456 537 551 469 395 344 352 285 218 204 165 -9999 -9999 -9999 -9999 -9999 -9999 -9999 -9999 -9999 -9999 -9999 -9999 -9999 -9999 -9999 -9999 -9999 -9999 -9999 -9999 -9999 -9999 -9999 -9999 -9999 -9999 -9999 -9999 -9999 -9999 -9999 -9999 -9999 -9999 -9999 -9999 -9999 -9999 -9999 -9999 -9999 -9999 -9999 -9999 -9999 -9999 -9999 -9999 -9999 -9999
-9999 -9999 -9999 -9999 -9999 -9999 -9999 -9999 284 333 364 298 306 383 465 570 638 697 740 819 870 865 860 866 889 921 897 803 731 628 543 490 410 360 367 409 467 511 495 435 364 374 332 261 209 221 237 -9999 -9999 -9999 -9999 -9999 -9999 -9999 -9999 -9999 -9999 -9999 -9999 -9999 -9999 -9999 -9999 -9999 -9999 -9999 -9999 -9999 -9999 -9999 -9999 -9999 -9999 -9999 -9999 -9999 -9999 -9999 -9999 -9999 -9999 -9999 -9999 -9999 -9999 -9999 -9999 -9999 -9999 -9999 -9999 -9999 -9999 -9999 -9999 -9999
-9999 -9999 -9999 -9999 -9999 -9999 -9999 171 210 279 388 290 258 377 456 553 590 660 711 791 792 774 784 782 837 837 879 833 796 631 552 500 417 373 340 359 402 436 462 407 372 393 346 258 217 233 345 325 -9999 -9999 -9999 -9999 -9999 -9999 -9999 -9999 -9999 -9999 -9999 -9999 -9999 -9999 -9999 -9999 -9999 -9999 -9999 -9999 -9999 -9999 -9999 -9999 -9999 -9999 -9999 -9999 -9999 -9999 -9999 -9999 -9999 -9999 -9999 -9999 -9999 -9999 -9999 -9999 -9999 -9999 -9999 -9999 -9999 -9999 -9999 -9999
-9999 -9999 -9999 -9999 -9999 -9999 162 149 151 196 302 227 265 373 430 486 563 643 698 758 705 692 709 709 735 774 797 804 738 659 585 535 487 406 353 314 322 367 390 370 356 422 367 259 226 247 323 332 322 289 290 216 253 368 387 464 508 533 481 437 526 589 648 723 765 776 735 -9999 -9999 -9999 -9999 -9999 -9999 -9999 -9999 -9999 -9999 -9999 -9999 -9999 -9999 -9999 -9999 -9999 -9999 -9999 -9999 -9999 -9999 -9999 -9999 -9999 -9999 -9999 -9999 -9999
-9999 -9999 -9999 -9999 -9999 160 161 214 163 166 264 211 230 321 374 466 547 628 664 634 629 637 649 660 681 711 752 779 713 632 556 519 485 432 382 320 296 335 343 339 356 417 339 249 249 255 291 331 311 277 244 219 262 342 391 475 537 575 552 534 597 626 707 767 819 814 774 806 760 609 -9999 -9999 -9999 -9999 -9999 -9999 -9999 -9999 -9999 -9999 -9999 -9999 -9999 -9999 -9999 -9999 -9999 -9999 -9999 -9999 -9999 -9999 -9999 -9999 -9999 -9999
-9999 -9999 -9999 -9999 184 165 185 247 169 163 290 195 232 313 398 450 532 605 618 585 569 559 561 581 597 629 683 741 681 599 517 467 403 372 346 285 285 301 310 321 323 376 311 258 264 280 300 334 318 284 269 222 241 304 359 430 447 485 508 552 632 683 728 784 840 788 707 730 749 720 574 -9999 -9999 -9999 -9999 -9999 -9999 -9999 -9999 -9999 -9999 -9999 -9999 -9999 -9999 -9999 -9999 -9999 -9999 -9999 -9999 -9999 -9999 -9999 -9999 -9999
-9999 -9999 -9999 282 233 225 189 211 165 147 242 177 229 301 375 427 497 535 556 514 486 475 472 502 519 561 640 713 659 576 494 438 355 285 290 259 317 381 365 365 303 303 278 282 280 313 327 353 331 299 271 240 225 294 329 347 394 424 451 519 622 638 688 764 827 791 703 705 684 673 637 469 477 -9999 -9999 -9999 -9999 -9999 -9999 -9999 -9999 -9999 -9999 -9999 -9999 -9999 -9999 -9999 -9999 -9999 -9999 -9999 -9999 -9999 -9999 -9999
-9999 -9999 296 360 317 292 221 189 156 134 155 159 198 271 342 381 426 472 498 447 415 390 393 429 457 530 619 685 648 565 490 435 350 269 255 252 329 440 420 395 315 296 290 299 291 318 349 361 339 306 282 276 229 260 275 294 313 339 387 474 532 575 644 735 794 806 726 674 669 648 623 575 581 589 -9999 -9999 -9999 -9999 -9999 -9999 -9999 -9999 -9999 -9999 -9999 -9999 -9999 -9999 -9999 -9999 -9999 -9999 -9999 -9999 -9999 -9999
-9999 -9999 -9999 432 387 352 316 258 199 139 133 150 183 242 308 340 381 432 478 414 362 334 344 385 454 506 585 661 628 548 465 410 333 278 235 270 365 475 501 424 343 315 383 306 280 310 343 375 353 329 309 276 242 237 237 242 242 311 362 417 479 535 625 720 771 844 780 757 760 765 657 632 657 694 708 608 -9999 -9999 -9999 -9999 -9999 -9999 -9999 -9999 -9999 -9999 -9999 -9999 -9999 -9999 -9999 -9999 -9999 -9999 -9999 -9999
-9999 -9999 -9999 -9999 429 396 366 276 192 165 127 126 135 198 248 274 324 396 449 389 308 254 267 344 423 477 560 615 596 524 441 386 301 229 222 249 342 446 488 375 334 323 290 261 259 305 322 355 377 356 342 327 323 318 304 257 248 270 311 373 464 520 599 698 759 852 859 851 848 773 708 682 672 672 687 631 525 -9999 -9999 -9999 -9999 -9999 -9999 -9999 -9999 -9999 -9999 -9999 -9999 -9999 -9999 -9999 -9999 -9999 -9999 -9999
-9999 -9999 -9999 -9999 515 477 379 271 207 176 251 133 118 142 179 216 288 366 417 353 280 233 247 324 412 462 540 553 516 483 446 403 319 258 205 218 306 397 464 361 349 280 261 247 248 282 313 346 368 378 358 346 376 331 278 257 258 252 267 355 448 506 594 687 749 845 916 908 877 811 763 738 726 705 720 646 568 449 421 -9999 -9999 -9999 -9999 -9999 -9999 -9999 -9999 -9999 -9999 -9999 -9999 -9999 -9999 -9999 -9999 -9999
-9999 -9999 -9999 -9999 555 485 412 329 262 194 273 208 174 122 133 184 261 337 410 339 262 210 234 315 398 450 520 523 477 428 395 369 335 267 194 209 283 374 441 375 363 307 279 227 244 266 299 349 359 393 389 412 425 341 299 276 303 255 279 363 453 512 597 686 776 868 926 966 931 881 856 802 731 663 635 629 607 562 550 545 -9999 -9999 -9999 -9999 -9999 -9999 -9999 -9999 -9999 -9999 -9999 -9999 -9999 -9999 -9999 -9999
-9999 -9999 -9999 -9999 593 534 442 338 269 206 285 277 238 146 123 175 250 324 338 283 226 188 252 301 376 427 505 486 436 361 311 293 251 219 185 180 253 348 414 404 364 312 233 208 245 267 298 330 351 376 405 421 415 332 303 296 264 263 312 389 476 533 612 696 780 839 929 1015 995 913 830 775 697 610 553 550 565 589 605 636 647 598 -9999 -9999 -9999 -9999 -9999 -9999 -9999 -9999 -9999 -9999 -9999 -9999 -9999 -9999
-9999 -9999 -9999 -9999 -9999 519 475 366 292 212 242 353 312 159 108 147 223 299 290 227 174 169 215 291 370 423 506 477 417 334 250 230 209 200 167 175 228 322 385 419 330 271 197 204 231 251 283 315 329 358 393 378 375 323 311 328 261 290 336 416 500 553 632 716 804 859 948 1035 997 910 825 770 693 609 538 533 516 539 551 583 631 617 594 -9999 -9999 -9999 -9999 -9999 -9999 -9999 -9999 -9999 -9999 -9999 -9999 -9999
-9999 -9999 -9999 -9999 -9999 420 500 386 312 206 193 271 242 151 104 142 212 290 236 183 155 197 237 312 392 442 521 479 427 344 269 256 245 215 160 188 227 320 385 376 322 262 181 194 220 242 273 297 319 348 370 369 350 335 375 349 268 287 331 415 495 559 632 714 796 853 940 1026 1004 922 842 790 715 640 583 538 515 487 479 509 548 547 496 475 -9999 -9999 -9999 -9999 -9999 -9999 -9999 -9999 -9999 -9999 -9999 -9999
-9999 -9999 -9999 -9999 -9999 -9999 -9999 392 296 185 191 209 185 149 106 118 190 258 221 144 132 200 245 315 366 410 487 461 423 387 353 324 251 169 144 188 275 319 324 282 261 262 183 173 204 226 250 280 301 322 336 345 378 342 347 367 300 269 301 373 460 516 608 697 787 846 929 1013 1031 956 877 825 751 673 591 555 580 522 487 452 469 466 467 489 561 609 -9999 -9999 -9999 -9999 -9999 -9999 -9999 -9999 -9999 -9999
-9999 -9999 -9999 -9999 -9999 -9999 297 264 265 193 157 137 127 122 108 96 166 178 192 152 118 167 206 259 290 368 406 379 366 309 271 248 211 140 149 180 195 258 251 200 172 178 154 155 190 203 233 264 275 289 306 328 416 346 320 334 303 275 275 363 451 510 599 690 779 836 917 1002 1026 959 880 832 760 682 603 565 607 559 507 448 437 436 459 515 534 548 540 521 -9999 -9999 -9999 -9999 -9999 -9999 -9999 -9999
-9999 -9999 -9999 -9999 -9999 -9999 213 -9999 187 172 181 174 165 169 103 92 108 99 111 116 99 123 166 178 207 266 301 292 310 263 191 154 156 114 128 136 156 204 207 173 155 145 131 151 171 193 222 244 253 267 297 319 412 337 308 296 280 280 304 375 463 523 608 698 786 844 926 988 968 949 864 815 743 669 595 584 621 555 503 455 428 408 412 432 449 463 458 454 439 -9999 -9999 -9999 -9999 -9999 -9999 -9999
-9999 -9999 -9999 -9999 -9999 -9999 -9999 -9999 -9999 247 -9999 183 148 142 111 98 90 87 82 101 85 97 134 122 145 229 232 230 224 225 160 97 99 101 155 180 174 175 187 213 204 179 114 124 154 175 197 210 220 250 283 305 362 320 289 284 287 282 340 425 499 559 646 729 818 875 931 899 880 896 871 820 769 667 604 622 573 507 473 453 468 436 388 369 370 378 369 364 351 319 233 -9999 -9999 -9999 -9999 -9999
-9999 -9999 -9999 -9999 -9999 -9999 -9999 -9999 -9999 -9999 -9999 -9999 151 129 128 144 164 109 91 81 79 73 72 68 73 94 127 144 140 142 118 72 100 127 127 139 202 246 259 297 225 166 95 117 139 149 163 180 202 236 269 291 326 300 300 319 312 323 383 461 549 599 687 773 851 888 848 814 793 810 841 799 710 638 595 583 534 482 475 512 535 505 457 401 351 336 320 304 293 274 260 279 -9999 -9999 -9999 -9999
-9999 -9999 -9999 -9999 -9999 -9999 -9999 -9999 -9999 -9999 -9999 -9999 194 153 194 235 230 173 137 104 95 87 116 105 62 73 108 103 92 69 57 62 115 202 176 150 201 289 344 287 202 118 80 104 107 116 133 166 189 222 255 293 323 304 354 370 289 310 370 461 547 605 692 770 828 832 795 760 737 753 786 784 693 615 569 536 497 475 504 558 585 547 506 445 406 382 364 330 297 283 252 239 236 -9999 -9999 -9999
-9999 -9999 -9999 -9999 -9999 -9999 -9999 -9999 -9999 -9999 -9999 -9999 249 184 178 212 217 159 122 122 107 103 120 136 59 59 66 117 108 70 50 78 107 194 229 206 219 302 308 280 186 95 68 103 85 94 124 157 179 213 246 279 335 323 332 364 318 292 339 420 510 570 645 705 782 747 709 674 653 668 702 723 676 598 544 495 451 474 504 549 546 544 556 530 499 450 362 312 306 341 321 255 228 206 191 202
-9999 -9999 -9999 -9999 -9999 -9999 -9999 -9999 -9999 -9999 -9999 -9999 284 229 191 208 170 150 146 126 158 116 118 185 136 96 54 63 50 55 49 79 83 155 180 203 231 210 217 261 174 83 47 50 62 81 115 148 170 204 237 276 379 397 341 323 373 296 298 388 481 523 581 658 723 695 623 590 569 583 619 640 654 598 542 489 465 433 455 466 459 456 467 500 461 398 340 346 383 426 346 301 235 214 175 169
-9999 -9999 -9999 -9999 -9999 -9999 -9999 -9999 -9999 -9999 -9999 -9999 347 272 194 184 170 186 201 158 147 157 136 225 200 184 115 86 50 44 56 56 59 107 122 151 166 115 120 183 196 115 62 37 75 87 120 156 176 209 242 300 357 398 356 309 309 304 300 370 422 461 535 601 647 657 576 505 484 500 565 584 598 611 566 539 490 435 406 441 403 397 406 437 423 383 353 384 431 453 376 321 254 259 182 156
-9999 -9999 -9999 -9999 -9999 -9999 -9999 -9999 -9999 -9999 -9999 446 387 296 229 229 272 270 245 191 188 226 214 267 265 235 196 127 111 74 41 45 47 63 119 148 158 94 87 143 198 85 35 37 59 90 125 165 180 213 247 307 363 375 309 312 305 303 302 330 380 435 497 555 596 623 550 466 429 448 516 502 516 541 578 592 509 444 433 385 363 353 334 337 359 325 331 427 484 493 411 371 285 233 173 150
-9999 -9999 -9999 -9999 -9999 -9999 -9999 -9999 -9999 -9999 -9999 454 401 327 295 300 370 277 199 171 212 283 281 318 322 290 224 193 151 135 51 36 40 91 134 138 211 142 81 82 108 34 29 59 77 129 153 170 192 225 259 303 340 348 308 333 367 362 344 350 349 392 416 485 514 573 554 459 405 403 433 420 434 465 508 553 559 526 485 494 440 421 371 324 301 295 348 370 394 425 429 373 289 213 241 198
-9999 -9999 -9999 -9999 -9999 -9999 -9999 -9999 -9999 -9999 -9999 413 438 422 379 371 305 251 194 203 268 343 384 429 401 344 297 289 222 153 61 51 29 28 30 81 178 165 96 47 71 25 38 54 80 104 123 156 178 211 245 278 328 302 305 359 433 397 429 422 381 376 386 404 454 481 537 468 406 366 367 374 401 414 473 494 535 593 571 551 529 504 438 373 290 280 266 279 308 336 353 351 267 195 210 232
