GIS/ken_initial_population.asc
ncols         178
nrows         224
xllcorner     -67203.471654228
yllcorner     -518695.09422505
cellsize      5000
NODATA_value  -9999
[rows 78 to 116 of 224, columns 0 to 87 of 178]
-9999 -9999 -9999 -9999 -9999 -9999 -9999 -9999 -9999 -9999 -9999 -9999 -9999 -9999 -9999 -9999 -9999 -9999 -9999 -9999 -9999 -9999 -9999 -9999 -9999 718 398 648 392 138 165 227 358 354 291 194 377 147 51 26 39 227 255 113 74 60 143 623 513 369 271 396 409 275 259 361 580 567 147 61 141 271 301 147 192 485 75 77 96 75 92 89 99 181 217 106 127 167 125 102 298 423 89 65 65 51 45 72
-9999 -9999 -9999 -9999 -9999 -9999 -9999 -9999 -9999 -9999 -9999 -9999 -9999 -9999 -9999 -9999 -9999 -9999 -9999 -9999 -9999 -9999 -9999 -9999 1110 1521 418 359 535 550 817 359 172 202 223 291 1072 736 243 33 50 118 115 77 70 62 67 197 427 234 197 386 449 664 592 638 569 271 111 69 84 274 248 319 415 406 190 176 250 141 79 84 86 121 172 189 188 181 119 113 260 329 230 72 64 46 49 126
-9999 -9999 -9999 -9999 -9999 -9999 -9999 -9999 -9999 -9999 -9999 -9999 -9999 -9999 -9999 -9999 -9999 -9999 -9999 -9999 -9999 -9999 -9999 -9999 1026 2555 1291 1954 916 350 479 443 166 188 206 2754 1333 433 209 49 70 118 96 66 72 78 63 142 148 138 136 167 371 575 615 291 181 183 122 108 118 173 152 767 8215 370 131 276 432 200 118 216 200 155 195 292 265 155 84 83 205 282 169 85 79 77 57 117
-9999 -9999 -9999 -9999 -9999 -9999 -9999 -9999 -9999 -9999 -9999 -9999 -9999 -9999 -9999 -9999 -9999 -9999 -9999 -9999 -9999 -9999 -9999 -9999 1012 1770 1814 1809 187 208 387 527 418 499 236 842 656 285 190 85 151 113 88 60 91 92 45 135 141 99 60 60 165 389 563 183 181 197 158 104 170 223 81 355 1668 200 90 290 368 186 98 210 315 478 245 220 358 153 82 77 77 114 132 208 186 124 88 84
-9999 -9999 -9999 -9999 -9999 -9999 -9999 -9999 -9999 -9999 -9999 -9999 -9999 -9999 -9999 -9999 -9999 -9999 -9999 -9999 -9999 -9999 -9999 -9999 1077 2013 1347 513 258 703 677 1209 1126 1291 542 394 837 546 384 344 195 151 98 57 54 69 80 112 155 127 136 62 91 449 711 452 241 172 135 110 62 80 71 109 349 95 111 777 167 116 78 212 509 482 79 80 83 105 79 53 68 73 93 164 308 164 133 171
-9999 -9999 -9999 -9999 -9999 -9999 -9999 -9999 -9999 -9999 -9999 -9999 -9999 -9999 -9999 -9999 -9999 -9999 -9999 -9999 -9999 -9999 -9999 -9999 1277 2038 1781 1296 665 1122 1452 2109 1531 1952 661 372 1040 1207 723 512 275 353 159 102 92 98 92 114 163 179 161 87 57 295 378 274 235 153 124 62 49 60 93 158 134 79 85 171 126 116 94 139 286 357 71 62 41 34 57 46 71 85 192 150 91 184 205 186
-9999 -9999 -9999 -9999 -9999 -9999 -9999 -9999 -9999 -9999 -9999 -9999 -9999 -9999 -9999 -9999 -9999 -9999 -9999 -9999 -9999 -9999 -9999 -9999 2726 1950 1792 608 295 1572 2996 1164 1364 2852 515 353 493 488 327 252 380 394 253 164 141 134 119 200 265 221 174 121 51 127 250 169 153 204 127 48 54 61 179 165 64 50 68 152 136 135 133 147 170 220 51 42 26 31 35 37 43 63 60 61 62 126 461 231
-9999 -9999 -9999 -9999 -9999 -9999 -9999 -9999 -9999 -9999 -9999 -9999 -9999 -9999 -9999 -9999 -9999 -9999 -9999 -9999 -9999 -9999 -9999 1873 2116 1069 1142 412 365 1234 1372 832 700 932 492 553 810 486 278 257 375 336 375 299 210 178 129 107 150 220 204 180 75 33 59 68 57 76 91 88 100 87 150 100 57 46 45 130 137 136 136 152 158 153 53 31 30 29 26 17 15 24 35 58 63 149 366 200
-9999 -9999 -9999 -9999 -9999 -9999 -9999 -9999 -9999 -9999 -9999 -9999 -9999 -9999 -9999 -9999 -9999 -9999 -9999 -9999 -9999 442 861 1318 2523 1760 992 517 524 891 985 585 708 1307 1110 754 543 395 265 334 308 481 704 426 219 176 125 119 182 238 114 82 70 32 24 30 29 61 93 92 112 93 164 119 74 71 34 94 160 120 212 330 192 129 85 35 33 31 26 20 12 17 27 54 81 147 227 162
-9999 -9999 -9999 -9999 -9999 -9999 -9999 -9999 -9999 -9999 -9999 -9999 -9999 -9999 -9999 -9999 -9999 -9999 -9999 -9999 -9999 919 1133 1681 6803 1794 675 811 1282 1483 991 770 1869 2707 2268 1353 521 586 386 366 409 747 429 434 322 261 192 143 110 96 57 44 31 23 21 20 27 50 79 71 85 117 248 95 62 78 37 36 92 97 251 200 86 64 48 48 84 65 29 28 16 15 32 100 218 270 214 153
-9999 -9999 -9999 -9999 -9999 -9999 -9999 -9999 -9999 -9999 -9999 -9999 -9999 -9999 -9999 -9999 -9999 -9999 -9999 -9999 598 891 1407 1497 1295 956 597 1088 1027 1298 1174 1377 5030 4281 3005 1069 913 679 452 385 520 683 544 477 491 391 192 148 91 97 62 38 26 20 17 17 26 39 50 56 96 196 162 124 98 138 55 35 56 113 243 216 60 37 37 68 141 108 36 30 29 31 79 189 468 552 229 116
-9999 -9999 -9999 -9999 -9999 -9999 -9999 -9999 -9999 -9999 -9999 -9999 -9999 -9999 -9999 -9999 -9999 -9999 -9999 78 527 522 738 727 1063 879 928 1453 1435 999 1665 1946 3485 3186 3323 4302 2181 1110 567 548 747 708 513 429 1623 1115 150 154 152 131 67 74 168 91 39 25 25 28 43 84 149 240 252 228 442 440 224 53 50 101 158 109 58 38 33 51 82 60 33 30 34 47 82 132 358 171 66 49
-9999 -9999 -9999 -9999 -9999 -9999 -9999 -9999 -9999 -9999 -9999 -9999 -9999 -9999 -9999 -9999 -9999 -9999 -9999 -9999 313 404 646 1440 1642 1178 1598 1415 2719 2734 2320 2128 2172 3776 2845 2263 2790 3695 1585 794 653 561 359 229 244 242 229 122 172 261 114 254 474 146 107 99 45 23 39 136 341 288 271 279 398 684 433 71 54 108 81 99 57 44 39 56 62 50 55 55 43 48 74 113 159 66 64 34
-9999 -9999 -9999 -9999 -9999 -9999 -9999 -9999 -9999 -9999 -9999 -9999 -9999 -9999 -9999 -9999 -9999 -9999 -9999 -9999 -9999 616 780 1278 1353 2347 5296 3610 6130 5896 3344 4101 3637 3110 3071 1941 1946 3795 3048 1187 558 655 427 254 209 663 404 142 134 173 139 222 466 278 238 187 80 27 43 164 400 392 365 319 338 398 558 156 111 76 52 69 60 54 72 127 134 122 135 132 72 52 97 183 108 40 46 28
-9999 -9999 -9999 -9999 -9999 -9999 -9999 -9999 -9999 -9999 -9999 -9999 -9999 -9999 -9999 -9999 -9999 -9999 -9999 -9999 1327 1902 3113 3224 4887 4559 24472 10911 4561 3620 3955 4071 3824 2268 2207 1660 1826 2847 4521 2938 1516 1039 667 476 251 445 342 402 134 257 126 83 96 224 152 74 88 50 82 375 827 493 470 530 302 337 314 409 245 80 65 130 101 108 149 187 190 153 144 115 69 66 110 195 65 23 21 16
-9999 -9999 -9999 -9999 -9999 -9999 -9999 -9999 -9999 -9999 -9999 -9999 -9999 -9999 -9999 -9999 -9999 885 6251 2722 4141 2946 6279 7465 7698 6618 10052 6795 2493 1761 2992 2284 2461 2015 2051 1142 1778 3383 3330 1781 1839 1363 896 478 357 288 284 466 431 165 150 113 65 71 54 51 62 74 364 869 818 554 666 762 499 360 256 246 406 95 84 213 181 187 195 203 204 161 121 70 44 135 147 77 30 23 20 15
-9999 -9999 -9999 -9999 -9999 -9999 -9999 -9999 -9999 -9999 -9999 -9999 -9999 -9999 -9999 -9999 176 290 1371 3203 5817 5104 5335 6739 11935 4594 8795 7744 1546 443 1138 1714 2051 1688 2150 1497 1423 1853 1998 1323 1281 721 650 545 662 319 206 264 867 1099 980 132 68 66 46 54 68 94 577 1213 716 933 1947 842 513 301 186 205 345 144 105 200 200 198 172 171 200 164 81 43 51 180 167 40 27 40 35 17
-9999 -9999 -9999 -9999 -9999 -9999 -9999 -9999 -9999 -9999 -9999 -9999 -9999 -9999 -9999 394 522 562 3854 8698 6797 5599 5559 5313 8510 6619 7496 8197 3640 2979 1137 1086 1416 2386 2208 1136 936 3516 3725 1403 585 285 514 868 409 305 229 318 972 1190 784 350 90 48 48 57 109 202 358 793 970 3084 11124 676 274 372 201 81 80 127 203 174 191 153 188 208 175 89 48 33 62 216 213 38 33 43 43 31
-9999 -9999 -9999 -9999 -9999 -9999 -9999 -9999 -9999 -9999 -9999 -9999 -9999 248 58 23 108 310 1761 4412 6501 5376 6019 12721 14364 7980 9293 8375 6109 6144 6800 4661 1579 2373 2510 1029 985 8682 3268 1440 629 252 213 289 383 400 342 341 490 654 646 493 667 57 61 84 127 219 399 1010 1434 3662 10341 1082 198 279 217 84 91 108 241 296 238 205 250 145 140 81 40 34 58 114 59 32 51 50 35 54
-9999 -9999 -9999 -9999 -9999 -9999 -9999 -9999 -9999 -9999 -9999 -9999 -9999 90 20 10 12 126 751 2476 6022 6302 5789 31512 76458 18873 11070 14017 9448 7478 6600 8459 5374 2567 3496 765 1516 4592 1999 643 538 202 161 242 384 510 550 525 469 912 942 769 3238 905 90 85 139 291 460 840 914 1392 1422 1221 736 497 400 113 92 147 209 355 332 234 367 708 650 219 58 34 37 48 31 35 48 40 24 46
-9999 -9999 -9999 -9999 -9999 -9999 -9999 -9999 -9999 -9999 -9999 -9999 -9999 75 46 15 12 262 2445 4421 6531 10311 8555 10569 10558 15259 10199 9679 5881 8139 5677 5959 5688 2586 3683 2950 5891 5007 1615 694 585 220 302 420 285 515 1195 1277 1772 1281 966 812 1248 1654 626 103 136 213 322 658 703 542 440 696 814 498 355 130 118 184 146 207 149 173 581 2926 5270 441 113 34 28 37 37 49 153 41 17 26
-9999 -9999 -9999 -9999 -9999 -9999 -9999 -9999 -9999 -9999 -9999 -9999 -9999 62 64 79 51 101 4240 8158 10794 11820 9424 8809 7603 8265 11177 7860 3546 4874 6366 5234 6458 3460 3281 3446 3100 4941 1726 367 309 276 263 319 558 748 961 1326 798 584 480 600 909 615 1062 276 118 231 293 700 471 331 452 1378 1345 716 272 200 200 169 125 129 108 150 409 701 305 169 92 42 31 38 40 70 223 50 20 19
-9999 -9999 -9999 -9999 -9999 -9999 -9999 -9999 -9999 -9999 -9999 -9999 239 1493 2319 3026 139 272 9888 10252 9840 12768 18507 8331 7331 5186 12367 19354 5395 6340 8516 6340 3369 2006 2488 3637 2902 3403 663 656 329 418 500 477 617 832 727 579 492 433 460 638 502 274 406 353 373 173 315 410 511 654 721 686 761 1175 477 224 369 333 232 136 104 69 100 240 334 190 108 64 43 41 33 46 45 30 24 17
-9999 -9999 -9999 -9999 -9999 -9999 -9999 -9999 -9999 -9999 -9999 7603 10594 5421 7503 10305 7626 11632 12502 12149 12335 13131 7579 6943 7302 6609 14741 25983 6413 6062 5336 4428 3036 2537 2346 2293 2355 1684 580 800 716 719 1147 575 541 509 520 522 578 343 513 509 532 505 1035 1192 4348 1095 414 357 528 1198 1192 488 392 1028 510 253 382 530 460 251 117 88 84 155 208 212 215 109 57 50 31 28 26 26 23 26
-9999 -9999 -9999 -9999 -9999 -9999 -9999 -9999 -9999 -9999 -9999 11476 12842 14056 12493 13617 12045 17086 21531 18010 12721 10633 8933 9062 10527 11534 9544 10472 3378 3643 3166 3864 3293 3299 2629 3809 3699 1153 716 1072 953 570 1513 613 648 657 400 503 356 250 246 603 910 906 1528 1271 2103 276 215 172 285 370 233 162 184 528 592 335 319 291 416 337 173 271 253 189 163 142 172 86 55 45 29 30 27 30 34 46
-9999 -9999 -9999 -9999 -9999 -9999 -9999 -9999 -9999 7971 7520 9400 8792 10451 16736 15880 11912 12398 14276 15158 11910 10953 11378 11009 9528 8201 9643 9388 3551 2596 3280 4020 3000 1789 1950 5409 2835 502 603 1190 1192 1081 3238 1287 607 640 387 1006 377 309 398 551 535 505 1017 1953 923 299 205 160 170 117 87 96 231 352 620 645 367 163 125 110 158 302 374 282 155 143 113 59 40 49 38 49 58 54 56 58
-9999 -9999 -9999 -9999 -9999 -9999 -9999 -9999 -9999 8588 8724 9472 8426 9101 11471 11625 10528 10828 15428 13372 12374 14422 11571 10887 6467 4890 6118 6716 5433 4311 2944 4461 2149 3012 3287 5601 1919 773 626 1299 1806 2431 5620 2757 1015 510 485 674 468 507 564 262 322 288 491 720 376 190 271 303 231 87 55 75 158 183 226 457 383 199 124 68 71 100 136 171 167 86 106 85 43 43 119 120 133 85 96 87
-9999 -9999 -9999 -9999 -9999 -9999 -9999 -9999 13992 7780 7441 10458 10909 15186 12310 11479 10836 9246 12459 10980 10410 8118 5851 9105 5962 5418 4558 6032 8096 3694 3527 3280 1222 2555 4716 14331 2262 1126 1175 1122 1034 3603 7091 2710 1029 462 402 152 62 389 178 394 431 358 324 137 161 300 325 524 439 109 49 54 96 129 145 448 520 475 211 82 60 101 142 134 266 177 130 91 104 127 312 1374 972 92 95 80
-9999 -9999 -9999 -9999 -9999 -9999 5577 8710 11067 8945 10187 11800 11730 12310 20637 11850 15361 9377 13006 26876 11767 13076 10275 13519 9130 10459 5964 11947 6156 4916 4062 4030 1544 3521 4401 5226 2786 1819 1792 1169 1580 5434 6055 1513 530 388 875 546 1 165 200 198 254 133 96 134 131 304 357 296 305 97 46 44 74 179 413 404 616 533 308 87 48 127 319 307 312 361 321 189 257 346 760 2051 997 52 39 31
-9999 -9999 -9999 -9999 -9999 7151 7671 8665 8838 7299 10216 10360 9405 10435 45978 10687 12963 5015 9510 16778 13371 10346 6942 6131 5907 5708 4559 3456 4723 29745 9891 15519 2792 3231 3691 4907 2449 1581 2074 1616 1415 4344 3888 818 457 327 1265 2404 79 419 333 159 113 131 200 215 140 310 620 282 115 54 50 36 83 209 929 606 520 511 185 71 42 130 295 293 291 259 291 175 495 459 353 205 206 44 31 77
-9999 -9999 -9999 -9999 -9999 10543 9456 8111 8051 6607 8003 9817 10602 10425 17298 10506 8513 7370 10680 9416 9927 8625 6200 5710 4646 5124 5780 5144 3663 37827 83269 26389 4313 4548 4682 4907 2382 1113 1288 1151 2798 5017 2260 702 509 456 1507 2451 1409 795 586 392 288 254 270 357 555 1043 645 252 88 87 78 63 87 200 964 530 774 741 459 271 184 268 318 288 360 251 126 111 145 155 189 248 164 195 186 314
-9999 -9999 -9999 -9999 -9999 9820 8263 8105 7321 7292 8930 11063 10621 9869 11613 10825 10846 11215 10121 8685 9470 8747 7992 5121 4685 6122 5628 5569 3631 9011 56181 11180 4160 3461 2665 2010 4556 1249 1603 1669 6214 14662 3891 1239 683 569 6051 4633 2432 459 690 614 1375 2955 2201 1177 1326 638 436 258 128 141 98 150 150 147 233 589 1037 685 438 506 460 552 261 146 272 249 161 185 162 184 389 390 203 438 381 555
-9999 -9999 -9999 -9999 25508 15254 7856 14706 8197 8517 11193 11976 11718 12153 11034 10600 10363 10336 10484 9594 10541 10436 7648 5974 6451 4735 6559 5527 2791 5224 4697 3923 2695 3623 4305 1635 2747 2172 1365 915 533 5759 5594 943 453 496 1828 2245 2212 326 788 1011 2506 5614 3875 2778 1552 500 195 192 127 313 381 201 130 77 164 644 351 231 225 531 676 539 437 161 133 193 240 285 234 229 831 518 317 718 722 682
-9999 -9999 -9999 -9999 4450 8893 7843 10071 9606 9265 9850 11472 15129 9240 7114 11548 11709 9938 13030 13290 14300 11161 9164 7160 3983 5744 7240 5492 4803 5470 3443 4282 4786 2924 6088 2967 5586 5495 1479 673 846 3542 2381 491 388 531 400 871 1367 627 634 1358 2631 5153 3860 4986 1623 427 221 237 139 447 443 133 84 65 92 183 196 217 328 617 888 474 448 230 211 240 316 353 308 996 6321 487 330 437 990 1254
-9999 -9999 -9999 -9999 7188 9533 9458 11491 9586 11021 10475 10225 26809 16189 10761 14161 13193 11513 13107 14675 10471 2412 4192 3747 3555 5311 5245 4638 4858 3560 3733 4427 5792 4372 5407 3586 7068 6257 1269 591 843 1942 1888 445 428 446 217 576 1015 496 864 1471 2398 2316 1009 2199 1672 1032 465 696 695 790 323 197 96 68 70 113 201 234 434 598 422 516 390 269 361 383 374 412 547 24924 13727 800 670 519 846 2180
-9999 -9999 -9999 6555 12011 7251 11885 8486 8366 7215 7017 9794 13750 16192 13540 12994 11541 11548 43112 25539 6190 7 738 4953 2317 5606 5245 6133 5922 4626 7235 8446 4090 3052 3660 4100 3067 3721 3045 938 1136 1549 2669 555 672 599 344 433 412 366 631 2809 3938 3507 1998 1640 1103 1691 2030 1373 728 616 254 109 65 88 57 80 105 155 256 263 294 417 519 491 469 533 342 522 825 1480 1314 828 1364 906 1368 3260
-9999 -9999 3361 7131 7510 6620 7868 8843 6067 5692 7569 10470 12886 14439 11330 10382 8852 12823 27838 21868 15281 635 501 7141 2567 6992 7999 6648 3299 5516 6098 4650 4919 4037 3947 4308 4338 3111 1608 1521 1637 1589 1395 788 881 449 488 424 327 251 796 1488 1915 2952 2237 1563 1314 1924 4713 1876 472 276 124 62 72 102 113 108 94 157 233 143 208 212 250 258 275 446 293 316 1540 1691 1234 1559 1533 2672 2662 7335
-9999 -9999 7016 5288 5916 5634 8096 7531 10828 7727 9063 9963 17485 20232 13343 15814 12870 15839 19714 23386 17165 1556 3169 11057 9489 8930 19401 12606 6759 7673 7998 6672 5113 6317 6636 3985 4808 5356 2694 3634 1612 1840 1324 1080 879 437 381 355 217 400 746 1606 930 3341 4459 2831 1571 1894 1552 970 429 185 109 68 85 147 287 233 184 613 453 235 323 289 263 252 479 563 508 640 1812 1408 1819 2169 3268 8694 15833 13901
-9999 1125 8364 7663 5782 6184 7160 7468 11065 8455 8394 7564 13189 17761 15024 14510 11541 15950 16098 14181 16017 9158 12356 9461 6718 4651 8982 10366 8506 9040 6403 6290 2267 3781 4681 1402 2674 3413 3521 1404 1113 2276 1217 1295 1584 634 533 380 327 1374 1133 1895 2537 1668 4417 5265 1445 1476 478 553 160 128 139 125 111 180 367 263 217 753 635 403 473 296 416 310 561 769 432 940 2599 2564 2929 7260 5465 12692 13220 12175
