GIS/ken_pfpr2to10.asc
ncols         178
nrows         224
xllcorner     -67203.471654228
yllcorner     -518695.09422505
cellsize      5000
NODATA_value  -9999
[rows 135 to 161 of 224, columns 0 to 61 of 178]
0 0 0 0.02636411 0.0239767 0.02251504 0.0205163 0.02306643 0.02342336 0.02515364 0.02289624 0.02220513 0.02275702 0.02198366 0.02021789 0.01845321 0.02287767 0.02180596 0.01624946 0.01738943 0.01761729 0.01680904 0.01730905 0.01691226 0.01176348 0.01255611 0.0137011 0.01462578 0.01436565 0.01286708 0.01119681 0.01100266 0.009397374 0 0 0 0 0 0 0 0 0 0 0 0 0 0 0 0 0 0 0.01038312 0.01010335 0.01188657 0.01131044 0.01227148 0.01168419 0 0 0 0 0
0 0 0.06047409 0.04147445 0.0276046 0.02247765 0.02194133 0.0256426 0.02515113 0.02249854 0.02307132 0.02185026 0.02142209 0.02267416 0.02030192 0.01852049 0.02228728 0.0197674 0.01666459 0.01668812 0.01541871 0.01505172 0.01552924 0.01373797 0.01168591 0.01144367 0.01319952 0.01334896 0.01263607 0.01303393 0.01258316 0.01120251 0.01039349 0.009254456 0 0 0 0 0 0 0 0 0 0 0 0 0 0 0 0 0.009827358 0.008501676 0.01046422 0.01542415 0.01613585 0.0138584 0.01072277 0 0 0 0 0
0 0 0 0.04803154 0.02444157 0.0248508 0.02511376 0.0277068 0.02845785 0.02271663 0.02085317 0.02102172 0.02084887 0.022034 0.02240052 0.01731956 0.01983018 0.01662073 0.01418624 0.01545909 0.01423534 0.01428499 0.01176904 0.01143635 0.01132386 0.01105768 0.01225565 0.01339613 0.01400445 0.01309284 0.01338369 0.01209555 0.009889808 0.009579519 0 0 0 0 0 0 0 0 0 0 0 0 0 0 0 0 0.01030966 0.009812087 0.01081215 0.0186954 0 0.01854419 0.01212679 0 0 0 0 0
0 0 0 0.05148947 0.0370795 0.02726026 0.02907902 0.02699842 0.02597924 0.01994137 0.02039975 0.02145638 0.02225507 0.02090776 0.01853451 0.01562113 0.01799522 0.01491928 0.01506729 0.01295875 0.01263459 0.01287603 0.0114749 0.01043147 0.0104425 0.01039429 0.01102019 0.01275672 0.01403416 0.01356502 0.01354179 0.01257539 0.01157397 0.011376 0.01129475 0.01223055 0 0 0 0 0 0 0 0 0 0 0 0 0 0 0 0.01074186 0.01187121 0.01366596 0.01871581 0.01405081 0.01367369 0.01610285 0 0 0 0
0 0 0 0 0 0.0303281 0.0262334 0.02400716 0.02037467 0.0208962 0.02031708 0.01914795 0.01991393 0.01999412 0.01735384 0.01362595 0.01684673 0.01363927 0.01494593 0.01174109 0.01195931 0.01139382 0.01008004 0.009060659 0.009374514 0.009919731 0.01093869 0.0130702 0.0137358 0.01172991 0.01255503 0.01214521 0.01215019 0.01346118 0.01410406 0.01415396 0 0 0 0 0 0 0 0 0 0 0 0 0 0 0 0.01474426 0.01517176 0.01338501 0.01292773 0.01260533 0.01452358 0 0 0 0 0
0.08469922 0 0 0 0 0.02087962 0.02131191 0.02163471 0.02090698 0.02069921 0.02178841 0.0194687 0.01915955 0.01661225 0.01637612 0.01361454 0.015471 0.01259602 0.01409904 0.01200896 0.01043188 0.009908579 0.00812357 0.007603886 0.009119716 0.009756645 0.00883826 0.01033239 0.01206038 0.01119636 0.01229333 0.01145517 0.01352286 0.01310901 0.01221885 0.01432022 0.01506999 0 0 0 0 0 0 0 0 0 0 0 0 0 0 0 0 0.01482387 0.01574891 0.01512282 0 0 0 0 0 0
-9999 0 0 0 0 0.02043078 0.02034878 0.0207317 0.02169796 0.02127917 0.02028894 0.01737846 0.01654779 0.01480358 0.01500711 0.01344725 0.01625592 0.01326587 0.01318038 0.01036249 0.00975995 0.008848535 0.008962693 0.009853369 0.01061423 0.01064929 0.01193121 0.009985527 0.01105525 0.01259267 0.01288639 0.01175006 0.013458 0.01265346 0.01365202 0.014425 0 0 0.01474882 0 0 0 0 0 0 0 0 0 0 0 0 0.01520361 0.01670582 0.01651045 0.01739455 0.01564632 0 0.01424356 0.01524457 0.01617343 0 0
-9999 -9999 -9999 0.05045529 0.04027702 0.02271493 0.0219519 0.02183679 0.02167081 0.02038901 0.01945389 0.01547441 0.01478807 0.01485587 0.01597478 0.01461443 0.01817719 0.0152439 0.01269809 0.01093582 0.01187252 0.009103938 0.009096981 0.01060117 0.01108899 0.01150112 0.01331504 0.01518565 0.01301104 0.01364843 0.01477368 0.01507373 0.01259883 0.01513338 0.016008 0.01296739 0 0 0.01460289 0.01660215 0 0 0 0 0 0 0 0 0 0 0.01454726 0.01720232 0.01961421 0.01589619 0.01565962 0.01692454 0.01763853 0.0171915 0.02041348 0.01472829 0 0
-9999 -9999 -9999 -9999 -9999 0.02487849 0.02479395 0.02419743 0.02248203 0.02060016 0.02082976 0.01882697 0.01901914 0.01497658 0.01397811 0.02086177 0.01921097 0.01535239 0.01356879 0.01172043 0.01276424 0.01070654 0.0104879 0.01150176 0.0126622 0.01339178 0.01407235 0.01423294 0.01561764 0.01580421 0.01455915 0.01380159 0.01407159 0.01440871 0.01454209 0.01180298 0 0.01055814 0.0169091 0.01850118 0 0 0.01733661 0.01890707 0 0 0 0 0 0 0.01781653 0.02069721 0.01860792 0.01849686 0.01541729 0.01455567 0.01707891 0.01944157 0.0203508 0.01526167 0 0
-9999 -9999 -9999 -9999 -9999 -9999 -9999 0.0207084 0.02172527 0.02047757 0.01940588 0.01816403 0.01596574 0.017535 0.02095065 0.01486583 0.01710206 0.01602705 0.01344028 0.01364925 0.01406088 0.01260503 0.01388211 0.01428942 0.01246317 0.01215891 0.01387539 0.01444139 0.01464378 0.01549548 0.01371512 0.01429387 0.01415883 0.01326272 0.01398446 0.01280019 0.01023145 0.01103366 0.01680928 0.02175931 0.0219802 0.02142064 0.02249923 0.02169253 0.02205803 0.02512364 0.02261254 0.01914749 0 0.01742447 0.02084647 0.02190735 0.01948871 0.0172325 0.01580743 0.01817344 0.01696926 0.0190274 0.01798801 0 0 0
-9999 -9999 -9999 -9999 -9999 -9999 -9999 -9999 -9999 0.01854334 0.02963929 0.02831271 0.02466946 0.02369393 0.0207463 0.01825203 0.01980928 0.01925956 0.01521041 0.0155638 0.01496032 0.01374776 0.01548637 0.01412861 0.01412385 0.01279652 0.01341258 0.01628242 0.01632946 0.01613154 0.01401568 0.01492732 0.01505279 0 0.01194102 0.01389709 0.01302514 0.01211623 0.01694205 0.02186127 0.02366849 0.02511756 0.02502762 0.02507155 0.02503132 0.0254051 0.02525302 0.02260237 0.0212381 0.01935159 0.02302946 0.02445864 0.01989135 0.02240905 0.01937879 0.01982682 0.02268782 0.02506716 0.01979741 0 0 0
-9999 -9999 -9999 -9999 -9999 -9999 -9999 -9999 -9999 -9999 0.03131133 0.02688565 0.02537454 0.02362338 0.02254543 0.02109827 0.02039829 0.01979429 0.01902443 0.01552415 0.01489115 0.01471067 0.01634114 0.0157587 0.01320831 0.01254943 0.01553992 0.01593195 0.01686157 0.01651314 0.01552406 0.01673161 0.01442166 0.01671588 0.01975813 0.01924744 0.0206171 0.01867399 0.01943409 0.02363832 0.02611938 0.02835549 0.02774017 0.02645375 0.02787282 0.02726839 0.02609353 0.02536656 0.02550983 0.0232276 0.02309017 0.02659544 0.02529229 0.02050619 0.01848657 0.02019862 0.02229562 0.025229 0.02179467 0 0 0
-9999 -9999 -9999 -9999 -9999 -9999 -9999 -9999 -9999 -9999 -9999 -9999 0.01606818 0.02188172 0.02113961 0.02254546 0.01800607 0.01927327 0.02053951 0.01722664 0.01637695 0.01550803 0.01543663 0.01497808 0.01419234 0.01574671 0.01778834 0.02060626 0.0192178 0.01906666 0.01848871 0.02044182 0.01627486 0.01869613 0.01922022 0.02330258 0.02529776 0.02399214 0.02262536 0.0233926 0.02718067 0.02373568 0.02631605 0.02681972 0.02671009 0.02518736 0.02778197 0.02837348 0.02893155 0.03067981 0.02707571 0.02466063 0.02583814 0.0248592 0.02524034 0.02478515 0.02402452 0.02593707 0.02263651 0 0 0
-9999 -9999 -9999 -9999 -9999 -9999 -9999 -9999 -9999 -9999 -9999 -9999 -9999 -9999 0.02175151 0.02018647 0.02091231 0.01935103 0.020686 0.01842217 0.01759161 0.01704817 0.01635825 0.01422677 0.01619089 0.01593253 0.01822172 0.01880562 0.02130576 0.02074466 0.02272779 0.02037708 0.01952532 0.01930769 0.02107625 0.02270561 0.02570447 0.02344575 0.0286609 0.0289041 0.03106859 0.02962556 0.03099871 0.02664337 0.02773512 0.03216457 0.02724545 0.03381294 0.02901011 0.03259194 0.02824391 0.02708557 0.0247437 0.02905469 0.03063953 0.03139639 0.0265307 0.02895707 0.02637162 0.02507894 0 0
-9999 -9999 -9999 -9999 -9999 -9999 -9999 -9999 -9999 -9999 -9999 -9999 -9999 -9999 -9999 -9999 0.0211957 0.02030654 0.01985068 0.01826028 0.01790537 0.01726409 0.0161907 0.01743548 0.01788678 0.01880712 0.01904305 0.0187571 0.02074373 0.02234325 0.02294912 0.02653001 0.01979037 0.02386622 0.02938331 0.02624699 0.02768866 0.02996488 0.03081346 0.03218116 0.03183215 0.03123704 0.03220123 0.02843182 0.02864215 0.03166423 0.03382208 0.03590462 0.0369188 0.03586479 0.0299258 0.02639985 0.02835814 0.03176306 0.03182557 0.0343283 0.0306944 0.03320812 0.02943916 0.02908939 0 0
-9999 -9999 -9999 -9999 -9999 -9999 -9999 -9999 -9999 -9999 -9999 -9999 -9999 -9999 -9999 -9999 -9999 -9999 0.01967354 0.01840899 0.01666712 0.01706761 0.02161867 0.01841948 0.01914424 0.02209645 0.02070555 0.01785569 0.02086418 0.02248183 0.02426164 0.02376631 0.025365 0.02498616 0.02793322 0.02739704 0.02688948 0.02808542 0.02707739 0.02557961 0.02504676 0.03043083 0.03464209 0.02678145 0.02871806 0.03163013 0.03579558 0.03650595 0.03135473 0.02959897 0.02947671 0.02766288 0.02955189 0.03127671 0.03126084 0.03860247 0.03460491 0.03644302 0.03181592 0.0295499 0 0
-9999 -9999 -9999 -9999 -9999 -9999 -9999 -9999 -9999 -9999 -9999 -9999 -9999 -9999 -9999 -9999 -9999 -9999 -9999 0.01684934 0.01980748 0.02238582 0.02365303 0.01929347 0.01974553 0.0192302 0.01996112 0.02139189 0.02065685 0.0238999 0.02654415 0.02620533 0.02687626 0.02563383 0.02403169 0.02617183 0.02755226 0.02796485 0 0 0.02809667 0.0283694 0.03119069 0.03321235 0.03016441 0.03089966 0.0358519 0.03552025 0.03364074 0.03406659 0.03151915 0.03085991 0.03156118 0.03604623 0.03830677 0.03777352 0.0343301 0.03287963 0.03356517 0.02846952 0 0.03681184
-9999 -9999 -9999 -9999 -9999 -9999 -9999 -9999 -9999 -9999 -9999 -9999 -9999 -9999 -9999 -9999 -9999 -9999 -9999 -9999 -9999 0.02334522 0.02370633 0.02182561 0.01981115 0.02018432 0.02343826 0.02330632 0.02071039 0.02178182 0.02151918 0.02703777 0.027273 0.02427661 0.02342751 0.0263376 0.0297241 0.02782952 0 0 0.03150602 0.02873841 0.02922337 0.03058115 0.03348418 0.029169 0.02981805 0.03736803 0.03601065 0.03796194 0.03448997 0.03527509 0.03377338 0.0360713 0.03718514 0.03874517 0.03784341 0.03124993 0.03138937 0.03008421 0.02435952 0.03472592
-9999 -9999 -9999 -9999 -9999 -9999 -9999 -9999 -9999 -9999 -9999 -9999 -9999 -9999 -9999 -9999 -9999 -9999 -9999 -9999 -9999 -9999 -9999 0.02347198 0.02050654 0.02104044 0.02702065 0.0304935 0.0254451 0.02188789 0.02317712 0.02807426 0.02514149 0.02580331 0.02792191 0.03319528 0.0284562 0 0 0 0 0.02944561 0.03109205 0.0320394 0.03058038 0.03186143 0.03600086 0.03621276 0.03890685 0.0414198 0.0403262 0.04181407 0.03470225 0.03379859 0.03736847 0.04028796 0.03807568 0.03777014 0.03354855 0.03559082 0.03158429 0.03470689
-9999 -9999 -9999 -9999 -9999 -9999 -9999 -9999 -9999 -9999 -9999 -9999 -9999 -9999 -9999 -9999 -9999 -9999 -9999 -9999 -9999 -9999 -9999 -9999 -9999 0.02215424 0.02943629 0.03048209 0.0299694 0.02683089 0.02454851 0.02381152 0.02462395 0.02502315 0.02945467 0.03060298 0.02662305 0 0 0 0 0.02703685 0.02787367 0.03131074 0.03082222 0.03688005 0.03406863 0.03334118 0.04386559 0.04829502 0.04444084 0.04141498 0.03299166 0.03093616 0.03240313 0.03366044 0.03139563 0.03442034 0.03505887 0.03779086 0.03287032 0.03814036
-9999 -9999 -9999 -9999 -9999 -9999 -9999 -9999 -9999 -9999 -9999 -9999 -9999 -9999 -9999 -9999 -9999 -9999 -9999 -9999 -9999 -9999 -9999 -9999 -9999 -9999 0.02843554 0.02610787 0.03044599 0.02907948 0.02772664 0.02814195 0.02436101 0.02720181 0.02887392 0.03116448 0.03073035 0 0 0 0 0 0.0267615 0.02920493 0.03181471 0.03605239 0.03593118 0.0347349 0.04307453 0.04735653 0.04867914 0.03739908 0.03417073 0.03432027 0.02922521 0.03652671 0.03177199 0.03188019 0.03953604 0.0477285 0.03956954 0.03797758
-9999 -9999 -9999 -9999 -9999 -9999 -9999 -9999 -9999 -9999 -9999 -9999 -9999 -9999 -9999 -9999 -9999 -9999 -9999 -9999 -9999 -9999 -9999 -9999 -9999 -9999 -9999 -9999 0.04015366 0.03414434 0.03324068 0.02731526 0.03138582 0.02878496 0.02900274 0.02851073 0.03131194 0.03178281 0 0 0 0 0 0.02555585 0.02850162 0.0384464 0.04075965 0.03668019 0.04955846 0.04173264 0.03458349 0.03570655 0.03264605 0.03578531 0.02786585 0.03270269 0.03724768 0.03543336 0.04614218 0.04875532 0.03563746 0.04012674
-9999 -9999 -9999 -9999 -9999 -9999 -9999 -9999 -9999 -9999 -9999 -9999 -9999 -9999 -9999 -9999 -9999 -9999 -9999 -9999 -9999 -9999 -9999 -9999 -9999 -9999 -9999 -9999 -9999 -9999 0.02538786 0.03257347 0.03050482 0.02846987 0.02920293 0.03267983 0.03482112 0.03339835 0 0 0 0 0 0 0 0.03521629 0.04086035 0.03988793 0.04929914 0.0367457 0.03060564 0.03627882 0.0320156 0.0325697 0.03095048 0.03515559 0.04788408 0.0377761 0.046955 0.05264939 0.03498537 0.04296396
-9999 -9999 -9999 -9999 -9999 -9999 -9999 -9999 -9999 -9999 -9999 -9999 -9999 -9999 -9999 -9999 -9999 -9999 -9999 -9999 -9999 -9999 -9999 -9999 -9999 -9999 -9999 -9999 -9999 -9999 -9999 -9999 0.03108922 0.03305206 0.03461174 0.03625645 0.03501158 0 0 0 0 0 0 0 0 0.03523943 0.04421477 0.03990087 0.03652473 0.03799347 0.02934559 0.03049549 0.02392907 0.03118934 0.03713022 0.0340605 0.03769951 0.04522016 0.05035314 0.0429007 0.03465953 0.04203587
-9999 -9999 -9999 -9999 -9999 -9999 -9999 -9999 -9999 -9999 -9999 -9999 -9999 -9999 -9999 -9999 -9999 -9999 -9999 -9999 -9999 -9999 -9999 -9999 -9999 -9999 -9999 -9999 -9999 -9999 -9999 -9999 -9999 -9999 0.03680948 0 0 0 0 0 0 0 0 0 0 0.04156704 0.0423607 0.04480077 0.03398533 0.03466937 0.02811485 0.03171413 0.02633546 0.02801774 0.03157711 0.03861199 0.04035293 0.04167753 0.05424317 0.04995235 0.04063715 0.04499374
-9999 -9999 -9999 -9999 -9999 -9999 -9999 -9999 -9999 -9999 -9999 -9999 -9999 -9999 -9999 -9999 -9999 -9999 -9999 -9999 -9999 -9999 -9999 -9999 -9999 -9999 -9999 -9999 -9999 -9999 -9999 -9999 -9999 -9999 -9999 0 0 0 0 0 0 0 0.03272839 0.03469408 0.03549754 0.03705322 0.0458474 0.04393994 0.03777978 0.03328071 0.03244058 0.03221862 0.02566973 0.02846959 0.03096636 0.04328252 0.04758344 0.04838246 0.05851401 0.05004085 0.04503347 0.04242077
-9999 -9999 -9999 -9999 -9999 -9999 -9999 -9999 -9999 -9999 -9999 -9999 -9999 -9999 -9999 -9999 -9999 -9999 -9999 -9999 -9999 -9999 -9999 -9999 -9999 -9999 -9999 -9999 -9999 -9999 -9999 -9999 -9999 -9999 -9999 -9999 -9999 0 0 0 0 0.03812715 0.04321424 0.03887117 0 0.03898936 0.05496782 0.04224986 0.03679577 0.03368005 0.03632548 0.02698705 0.02699965 0.02965082 0.03477396 0.03946269 0.04996398 0.05214471 0.05744746 0.05370987 0.04871063 0.05170292
