GIS/ken_travel.asc
ncols         178
nrows         224
xllcorner     -67203.471654228
yllcorner     -518695.09422505
cellsize      5000
NODATA_value  -9999
[rows 46 to 91 of 224, columns 0 to 95 of 178]
-9999 -9999 -9999 -9999 -9999 -9999 -9999 -9999 -9999 -9999 -9999 -9999 521 484 402 312 254 223 233 271 320 397 451 546 453 415 379 332 245 194 153 172 109 61 22 40 144 205 135 41 23 22 71 64 77 87 116 149 171 205 238 274 321 298 331 376 474 454 470 472 439 419 403 409 425 438 489 489 419 368 355 407 423 426 428 442 496 572 553 510 475 465 398 330 296 302 260 243 256 278 297 300 269 198 196 240
-9999 -9999 -9999 -9999 -9999 -9999 -9999 -9999 -9999 -9999 -9999 -9999 515 507 391 306 250 254 290 316 376 441 505 601 499 463 434 354 287 244 219 194 176 104 21 35 131 213 159 46 16 48 96 80 118 95 110 138 160 193 227 279 293 302 369 444 510 541 555 557 527 501 482 408 424 455 424 413 374 330 349 397 425 446 429 408 454 493 486 432 385 364 336 323 323 366 322 243 221 208 214 224 229 204 167 218
-9999 -9999 -9999 -9999 -9999 -9999 -9999 -9999 -9999 -9999 -9999 -9999 449 470 396 310 267 255 337 409 459 546 578 674 578 548 476 443 367 333 305 212 149 65 18 28 99 135 79 12 33 53 60 94 104 111 119 136 159 192 225 259 281 292 337 391 465 532 512 479 465 451 443 380 407 390 348 332 310 353 341 379 388 406 453 397 383 420 412 367 373 387 355 318 335 371 365 318 272 214 183 168 158 172 159 202
-9999 -9999 -9999 -9999 -9999 -9999 -9999 -9999 -9999 -9999 -9999 -9999 332 432 405 325 259 270 351 424 524 633 699 776 718 618 557 495 451 441 342 234 164 67 21 9 20 60 7 23 27 49 57 76 96 123 137 176 212 227 248 282 293 288 295 337 407 490 460 391 377 367 355 355 352 338 291 280 291 319 332 393 443 436 463 431 370 392 388 345 329 321 334 312 351 357 389 354 314 271 225 188 152 142 137 166
-9999 -9999 -9999 -9999 -9999 -9999 -9999 -9999 -9999 -9999 -9999 -9999 -9999 -9999 356 238 241 300 372 437 541 653 753 787 869 780 580 508 458 428 339 239 191 118 45 23 5 7 5 19 40 55 67 75 101 117 140 179 197 243 236 262 284 320 283 306 379 462 445 357 330 334 311 328 303 301 284 275 283 301 319 378 436 517 487 433 400 345 333 313 295 279 284 308 400 392 403 413 389 341 297 242 208 148 120 113
-9999 -9999 -9999 -9999 -9999 -9999 -9999 -9999 -9999 -9999 -9999 -9999 -9999 -9999 -9999 232 221 248 356 438 540 649 658 674 751 625 499 448 390 364 307 237 194 107 61 28 4 0 11 33 52 76 70 91 121 124 132 154 165 180 217 250 273 306 288 278 342 429 486 405 355 314 291 293 284 283 270 318 358 356 387 424 465 547 466 411 343 320 329 363 343 265 271 345 414 443 379 327 365 417 353 296 261 219 188 159
-9999 -9999 -9999 -9999 -9999 -9999 -9999 -9999 -9999 -9999 -9999 -9999 -9999 -9999 -9999 237 200 244 427 436 456 537 521 503 530 412 395 375 301 273 205 141 90 29 15 9 14 17 35 48 53 67 68 85 104 122 145 164 174 206 238 260 282 319 286 276 319 401 455 504 424 361 316 271 264 268 278 303 360 444 471 509 537 579 497 441 389 315 306 377 345 261 244 310 365 360 339 289 314 390 365 315 277 220 171 130
-9999 -9999 -9999 -9999 -9999 -9999 -9999 -9999 -9999 -9999 -9999 -9999 -9999 -9999 -9999 298 213 193 279 312 365 495 452 385 386 336 298 278 256 184 109 39 19 20 34 39 52 25 44 123 149 136 130 147 119 120 136 164 180 192 229 262 284 318 295 273 301 366 409 459 441 382 338 265 275 294 304 299 345 429 519 571 597 627 540 491 420 320 300 347 352 269 230 257 321 334 283 274 307 384 352 273 236 176 128 104
-9999 -9999 -9999 -9999 -9999 -9999 -9999 -9999 -9999 -9999 -9999 -9999 -9999 -9999 -9999 288 203 163 209 270 336 440 430 311 282 248 233 213 187 122 56 22 27 38 71 53 93 16 47 125 211 215 209 227 213 151 146 161 177 192 244 276 298 330 297 281 272 285 313 357 387 315 282 257 307 363 357 311 322 407 498 591 651 658 621 564 453 339 277 280 317 271 219 209 268 243 253 296 329 391 284 216 178 134 115 105
-9999 -9999 -9999 -9999 -9999 -9999 -9999 -9999 -9999 -9999 -9999 -9999 -9999 -9999 -9999 -9999 223 149 140 173 258 375 284 220 175 156 144 123 124 68 27 75 72 54 146 114 60 14 53 172 250 331 328 312 205 163 217 226 190 193 215 315 336 344 312 303 277 261 260 265 285 277 253 277 359 402 419 351 334 369 458 550 617 619 590 569 487 372 311 256 236 219 205 204 222 227 274 355 393 341 265 188 154 135 106 115
-9999 -9999 -9999 -9999 -9999 -9999 -9999 -9999 -9999 -9999 -9999 -9999 -9999 -9999 -9999 -9999 -9999 208 121 123 222 238 196 137 91 67 56 43 39 31 31 46 72 76 168 183 76 18 59 139 256 373 302 206 186 177 249 227 204 210 221 295 364 359 334 325 294 272 287 273 257 247 246 342 399 439 464 393 357 357 441 535 604 561 532 514 519 418 361 288 247 229 215 201 199 208 261 343 398 350 276 210 186 116 119 130
-9999 -9999 -9999 -9999 -9999 -9999 -9999 -9999 -9999 -9999 -9999 -9999 -9999 -9999 -9999 -9999 -9999 -9999 -9999 103 125 152 111 57 47 46 43 40 37 33 38 104 78 105 212 217 134 22 61 142 261 378 310 222 217 219 309 220 218 260 223 260 331 391 354 335 309 295 297 300 281 255 248 318 353 400 501 481 421 370 440 533 595 505 430 422 480 499 449 346 250 237 253 240 195 194 257 334 388 379 295 214 159 123 157 205
-9999 -9999 -9999 -9999 -9999 -9999 -9999 -9999 -9999 -9999 -9999 -9999 -9999 -9999 -9999 -9999 -9999 -9999 -9999 97 95 99 68 52 77 89 104 73 60 76 71 68 83 120 239 245 127 27 45 113 232 351 381 343 329 338 363 250 249 326 244 272 331 436 402 356 341 328 331 313 280 254 241 255 308 367 488 513 421 391 466 552 530 471 384 378 423 424 410 298 268 260 251 229 216 191 221 298 353 353 271 187 133 120 192 243
-9999 -9999 -9999 -9999 -9999 -9999 -9999 -9999 -9999 -9999 -9999 -9999 -9999 -9999 -9999 -9999 -9999 -9999 -9999 -9999 80 59 60 92 145 139 87 71 107 171 130 82 87 156 278 242 161 71 27 86 208 326 405 445 434 447 386 267 286 363 288 271 303 414 454 421 375 361 341 308 274 252 237 269 317 331 397 566 449 394 445 485 457 422 386 357 371 344 332 280 318 312 253 238 261 209 192 272 327 344 261 180 128 127 184 238
-9999 -9999 -9999 -9999 -9999 -9999 -9999 -9999 -9999 -9999 -9999 -9999 -9999 -9999 -9999 -9999 -9999 -9999 -9999 75 65 97 79 87 167 101 89 119 184 215 177 110 105 162 285 268 196 90 31 94 210 329 408 514 497 509 413 316 323 389 338 282 313 419 495 440 392 359 326 303 270 240 236 255 277 288 381 497 473 381 381 452 441 378 371 355 337 324 307 294 290 273 261 252 265 210 191 247 303 355 269 184 131 139 196 249
-9999 -9999 -9999 -9999 -9999 -9999 -9999 -9999 -9999 -9999 -9999 -9999 -9999 -9999 -9999 -9999 -9999 -9999 -9999 -9999 93 138 111 95 149 100 109 131 215 265 177 117 113 190 300 261 194 93 36 97 216 335 414 527 593 569 488 437 441 470 391 298 320 414 530 492 404 371 341 322 259 240 249 321 335 341 312 308 394 385 354 424 480 413 372 356 336 325 318 331 312 285 272 270 270 222 181 224 238 273 259 174 129 157 242 292
-9999 -9999 -9999 -9999 -9999 -9999 -9999 -9999 -9999 -9999 -9999 -9999 -9999 -9999 -9999 -9999 -9999 -9999 -9999 -9999 -9999 230 149 119 151 126 171 207 258 298 222 129 132 216 336 288 218 113 39 75 196 316 434 502 568 577 566 541 485 449 401 302 303 379 473 510 408 368 341 351 261 229 232 317 346 362 331 295 329 353 337 392 438 424 377 371 354 332 333 324 308 301 267 255 224 194 187 175 171 203 233 149 133 183 268 324
-9999 -9999 -9999 -9999 -9999 -9999 -9999 -9999 -9999 -9999 -9999 -9999 -9999 -9999 -9999 -9999 -9999 -9999 -9999 -9999 -9999 -9999 177 139 132 184 218 294 346 330 242 188 139 209 328 299 240 123 43 79 191 309 389 481 465 488 474 432 381 351 303 283 305 399 487 551 468 371 325 301 267 245 226 251 288 299 288 293 326 343 332 359 393 398 385 380 361 337 326 311 299 292 246 229 212 203 226 193 171 168 219 146 134 204 263 305
-9999 -9999 -9999 -9999 -9999 -9999 -9999 -9999 -9999 -9999 -9999 -9999 -9999 -9999 -9999 -9999 -9999 -9999 -9999 -9999 -9999 -9999 -9999 152 162 227 269 339 401 340 253 170 152 196 299 336 255 142 43 62 165 284 363 425 409 426 402 356 302 276 260 276 320 418 521 581 506 410 332 310 288 268 256 222 233 231 249 281 345 333 303 331 336 349 371 371 352 344 324 309 287 265 257 262 222 231 293 261 231 168 193 156 152 216 283 287
-9999 -9999 -9999 -9999 -9999 -9999 -9999 -9999 -9999 -9999 -9999 -9999 -9999 -9999 -9999 -9999 -9999 -9999 -9999 -9999 -9999 -9999 -9999 154 197 297 341 431 394 327 239 171 169 167 242 240 262 190 49 85 165 269 296 339 357 322 281 272 225 236 296 363 372 436 528 595 539 441 346 335 310 301 332 272 216 229 292 275 303 284 300 377 390 394 410 410 378 341 319 303 287 279 295 330 271 241 266 313 259 175 174 156 139 205 270 328
-9999 -9999 -9999 -9999 -9999 -9999 -9999 -9999 -9999 -9999 -9999 -9999 -9999 -9999 -9999 -9999 -9999 -9999 -9999 -9999 -9999 -9999 -9999 155 251 354 436 537 353 294 226 185 207 150 158 139 145 140 69 88 106 151 180 252 233 204 178 208 224 291 380 431 473 494 573 632 549 459 367 357 344 360 345 239 219 212 254 283 267 274 342 416 469 477 493 489 420 340 336 311 299 348 373 374 292 241 219 244 259 191 157 152 145 168 256 275
-9999 -9999 -9999 -9999 -9999 -9999 -9999 -9999 -9999 -9999 -9999 -9999 -9999 -9999 -9999 -9999 -9999 -9999 -9999 -9999 -9999 -9999 -9999 143 210 322 424 489 324 261 177 185 187 134 113 93 81 77 50 61 74 90 124 197 177 161 170 193 237 355 407 483 531 550 610 659 563 471 397 392 423 416 366 270 254 211 246 247 258 303 375 446 496 533 549 522 438 373 342 321 316 361 415 397 312 261 211 197 215 216 156 148 148 169 206 238
-9999 -9999 -9999 -9999 -9999 -9999 -9999 -9999 -9999 -9999 -9999 -9999 -9999 -9999 -9999 -9999 -9999 -9999 -9999 -9999 -9999 -9999 -9999 151 131 276 385 403 385 248 166 194 187 136 151 151 118 56 59 59 126 132 111 117 137 158 168 185 234 287 348 408 455 542 649 687 598 518 480 488 518 470 397 325 269 209 230 229 284 335 421 495 542 613 612 556 509 426 371 338 383 405 444 427 352 304 256 187 179 182 151 151 161 179 194 203
-9999 -9999 -9999 -9999 -9999 -9999 -9999 -9999 -9999 -9999 -9999 -9999 -9999 -9999 -9999 -9999 -9999 -9999 -9999 -9999 -9999 -9999 -9999 113 112 151 244 267 342 241 161 147 170 115 125 105 74 65 111 64 65 88 94 121 154 254 256 225 226 272 280 362 421 510 613 673 660 631 576 588 533 447 364 244 221 212 202 266 337 384 457 541 591 664 647 609 531 448 395 355 443 485 508 475 398 375 306 229 180 157 164 168 172 205 244 247
-9999 -9999 -9999 -9999 -9999 -9999 -9999 -9999 -9999 -9999 -9999 -9999 -9999 -9999 -9999 -9999 -9999 -9999 -9999 -9999 -9999 -9999 -9999 123 97 108 122 241 395 308 180 144 126 110 95 82 65 101 158 107 65 92 90 149 141 179 250 247 218 228 277 366 426 527 596 650 765 703 636 597 507 426 316 243 223 213 199 293 374 425 510 565 604 683 688 638 554 472 419 366 413 495 549 473 391 365 290 201 161 170 179 179 184 199 248 291
-9999 -9999 -9999 -9999 -9999 -9999 -9999 -9999 -9999 -9999 -9999 -9999 -9999 -9999 -9999 -9999 -9999 -9999 -9999 -9999 -9999 -9999 -9999 120 97 110 123 246 365 225 144 133 120 106 91 75 68 123 197 146 72 70 77 137 159 165 212 287 209 213 277 362 402 481 551 623 724 735 663 550 460 384 369 260 364 274 198 303 434 436 459 507 562 648 679 664 578 494 438 370 416 496 520 435 354 294 211 185 165 177 198 207 204 215 221 235
-9999 -9999 -9999 -9999 -9999 -9999 -9999 -9999 -9999 -9999 -9999 -9999 -9999 -9999 -9999 -9999 -9999 -9999 -9999 -9999 -9999 -9999 -9999 154 91 151 208 338 357 236 187 138 105 98 86 71 84 155 248 176 84 70 80 141 213 177 179 255 195 191 238 316 340 417 508 572 686 701 597 526 429 319 295 274 428 399 194 283 285 339 382 469 527 613 592 585 550 463 422 352 398 481 508 429 347 289 198 175 168 213 226 221 230 298 248 238
-9999 -9999 -9999 -9999 -9999 -9999 -9999 -9999 -9999 -9999 -9999 -9999 -9999 -9999 -9999 -9999 -9999 -9999 -9999 -9999 -9999 -9999 -9999 -9999 90 146 187 205 278 325 251 189 111 91 80 82 128 229 303 252 188 96 79 95 164 175 159 161 171 174 171 253 310 390 481 558 669 711 609 545 439 323 279 261 387 446 204 229 225 258 346 434 491 528 503 501 491 409 361 332 386 447 479 436 348 290 229 178 164 177 259 270 244 272 317 275
-9999 -9999 -9999 -9999 -9999 -9999 -9999 -9999 -9999 -9999 -9999 -9999 -9999 -9999 -9999 -9999 -9999 -9999 -9999 -9999 -9999 -9999 -9999 -9999 104 86 94 115 202 201 246 205 129 94 80 94 125 200 255 262 239 140 91 80 124 188 151 140 170 164 168 253 309 388 479 556 647 713 635 574 464 379 319 242 320 303 191 234 215 262 350 430 439 471 444 441 466 371 343 324 352 400 448 411 324 273 257 188 165 187 252 261 259 254 331 307
-9999 -9999 -9999 -9999 -9999 -9999 -9999 -9999 -9999 -9999 -9999 -9999 -9999 -9999 -9999 -9999 -9999 -9999 -9999 -9999 -9999 -9999 -9999 -9999 99 85 99 161 138 155 156 134 115 104 101 82 86 127 178 187 152 160 142 93 85 127 132 119 150 136 185 269 323 403 492 566 647 706 660 607 514 383 315 256 236 231 188 187 219 274 317 343 353 383 355 354 372 371 320 306 304 365 396 373 288 232 227 180 168 162 204 198 231 253 316 342
-9999 -9999 -9999 -9999 -9999 -9999 -9999 -9999 -9999 -9999 -9999 -9999 -9999 -9999 -9999 -9999 -9999 -9999 -9999 -9999 -9999 -9999 -9999 -9999 80 102 106 174 134 146 248 149 120 116 118 86 99 113 128 141 195 130 117 117 91 90 91 100 113 128 207 289 338 423 516 578 670 655 676 606 509 385 321 229 205 230 179 228 207 218 244 258 273 302 313 340 345 325 311 291 279 298 328 355 295 238 188 179 159 157 176 195 212 224 268 303
-9999 -9999 -9999 -9999 -9999 -9999 -9999 -9999 -9999 -9999 -9999 -9999 -9999 -9999 -9999 -9999 -9999 -9999 -9999 -9999 -9999 -9999 -9999 -9999 -9999 79 142 108 188 169 244 152 138 142 104 85 87 154 173 169 232 238 209 117 117 148 105 107 149 189 254 325 370 452 527 609 672 633 679 624 560 410 351 268 194 189 181 283 272 234 238 245 255 291 336 346 332 365 325 282 270 273 288 308 257 236 194 163 155 163 176 193 205 227 255 279
-9999 -9999 -9999 -9999 -9999 -9999 -9999 -9999 -9999 -9999 -9999 -9999 -9999 -9999 -9999 -9999 -9999 -9999 -9999 -9999 -9999 -9999 -9999 -9999 -9999 70 132 109 177 220 193 150 126 139 116 88 82 132 226 228 280 273 171 126 159 154 113 121 171 221 285 357 400 471 555 637 627 595 622 558 476 406 361 270 190 172 215 314 362 275 249 268 263 274 307 305 357 342 277 266 280 246 250 233 214 200 194 164 149 167 179 201 213 235 263 317
-9999 -9999 -9999 -9999 -9999 -9999 -9999 -9999 -9999 -9999 -9999 -9999 -9999 -9999 -9999 -9999 -9999 -9999 -9999 -9999 -9999 -9999 -9999 -9999 89 69 81 114 125 139 162 239 119 109 92 89 76 89 154 211 282 185 144 177 226 191 143 147 216 260 321 402 453 523 550 549 555 575 595 527 434 339 290 230 169 175 256 350 447 356 269 288 290 307 291 322 293 274 251 244 257 228 226 240 269 271 198 144 145 183 201 204 215 244 265 320
-9999 -9999 -9999 -9999 -9999 -9999 -9999 -9999 -9999 -9999 -9999 -9999 -9999 -9999 -9999 -9999 -9999 -9999 -9999 -9999 -9999 -9999 -9999 -9999 87 65 99 95 112 133 210 275 121 98 81 72 74 95 128 187 208 127 124 204 299 227 164 160 240 297 369 434 491 505 474 513 534 591 588 509 406 312 250 171 166 200 291 273 379 353 331 427 328 324 373 308 276 269 248 237 221 208 212 248 249 215 166 140 156 190 218 224 233 251 264 287
-9999 -9999 -9999 -9999 -9999 -9999 -9999 -9999 -9999 -9999 -9999 -9999 -9999 -9999 -9999 -9999 -9999 -9999 -9999 -9999 -9999 -9999 -9999 -9999 77 63 74 90 129 156 265 319 235 156 79 69 83 101 117 172 178 110 160 213 310 234 174 173 249 306 387 468 506 488 452 503 550 626 582 513 408 317 255 172 167 182 213 246 347 445 427 554 404 325 342 303 286 290 260 265 262 207 192 195 201 203 167 139 156 198 204 226 235 254 311 325
-9999 -9999 -9999 -9999 -9999 -9999 -9999 -9999 -9999 -9999 -9999 -9999 -9999 -9999 -9999 -9999 -9999 -9999 -9999 -9999 -9999 -9999 -9999 -9999 105 85 116 123 227 226 230 357 431 323 100 70 101 147 129 112 139 110 141 235 339 262 213 181 247 298 379 458 488 433 436 485 536 611 570 509 407 317 249 166 167 216 218 238 379 414 546 625 620 518 318 302 308 310 280 266 229 220 211 175 191 185 151 141 168 168 192 261 269 293 327 379
-9999 -9999 -9999 -9999 -9999 -9999 -9999 -9999 -9999 -9999 -9999 -9999 -9999 -9999 -9999 -9999 -9999 -9999 -9999 -9999 -9999 -9999 -9999 -9999 83 70 80 82 172 119 131 243 364 214 67 67 111 165 155 151 94 89 168 232 321 326 255 199 228 279 356 401 399 398 387 472 519 629 531 462 359 262 205 168 154 165 184 215 314 390 483 540 556 598 429 327 324 325 309 315 315 260 229 182 156 147 141 137 152 186 232 266 304 357 390 419
-9999 -9999 -9999 -9999 -9999 -9999 -9999 -9999 -9999 -9999 -9999 -9999 -9999 -9999 -9999 -9999 -9999 -9999 -9999 -9999 -9999 -9999 -9999 -9999 47 54 73 92 166 146 99 199 295 220 59 84 98 185 213 242 97 83 158 218 309 406 301 257 223 268 322 342 348 365 363 457 511 599 503 434 326 233 177 155 154 175 183 204 302 374 507 488 485 456 384 344 357 338 361 368 316 233 182 176 183 144 129 144 171 211 249 300 341 410 437 464
-9999 -9999 -9999 -9999 -9999 -9999 -9999 -9999 -9999 -9999 -9999 -9999 -9999 -9999 -9999 -9999 -9999 -9999 -9999 -9999 -9999 -9999 -9999 47 47 75 66 122 133 89 82 185 194 167 57 94 116 191 211 155 79 132 191 238 321 395 336 272 228 221 276 265 275 313 359 453 525 591 485 417 309 209 160 204 147 162 260 229 301 368 428 390 387 421 365 364 383 394 449 382 296 208 174 156 149 131 125 141 167 224 302 360 386 445 506 539
-9999 -9999 -9999 -9999 -9999 -9999 -9999 -9999 -9999 -9999 -9999 -9999 -9999 -9999 -9999 -9999 -9999 -9999 -9999 -9999 -9999 173 69 43 49 53 72 76 67 78 62 181 85 70 54 84 109 144 106 84 80 94 185 193 266 313 313 335 241 215 248 207 241 296 403 519 550 580 504 420 322 223 192 190 144 143 224 329 355 410 352 291 287 291 332 356 405 475 472 408 324 237 180 157 136 122 142 145 160 238 322 394 450 479 501 533
-9999 -9999 -9999 -9999 -9999 -9999 -9999 -9999 -9999 -9999 -9999 -9999 -9999 -9999 -9999 -9999 -9999 -9999 -9999 -9999 -9999 135 66 50 36 49 87 79 46 43 74 138 53 47 55 68 92 109 69 73 121 109 147 167 254 214 221 233 230 182 220 202 238 327 422 533 580 531 435 376 305 187 154 223 161 139 215 319 372 368 302 231 254 345 410 430 479 415 452 416 332 255 220 141 119 119 185 201 174 205 271 352 370 394 433 447
-9999 -9999 -9999 -9999 -9999 -9999 -9999 -9999 -9999 -9999 -9999 -9999 -9999 -9999 -9999 -9999 -9999 -9999 -9999 -9999 186 83 68 48 33 95 96 59 40 43 72 63 50 137 61 57 74 67 69 97 129 124 155 213 280 169 132 182 201 172 206 190 233 327 439 515 561 455 394 330 234 153 153 206 157 139 202 302 298 300 244 203 257 396 545 514 452 375 419 412 353 285 226 140 115 127 212 260 200 193 250 298 313 331 383 393
-9999 -9999 -9999 -9999 -9999 -9999 -9999 -9999 -9999 -9999 -9999 -9999 -9999 -9999 -9999 -9999 -9999 -9999 -9999 203 166 104 69 59 33 83 116 60 36 40 34 39 70 61 88 96 61 66 73 95 106 105 220 246 293 182 122 128 141 156 159 181 218 308 384 469 514 424 330 284 146 156 199 268 168 134 167 263 199 197 208 165 221 323 548 564 458 367 356 367 377 290 237 160 113 138 218 300 275 212 225 244 255 271 293 347
-9999 -9999 -9999 -9999 -9999 -9999 -9999 -9999 -9999 -9999 -9999 -9999 -9999 -9999 -9999 -9999 -9999 -9999 -9999 -9999 114 90 82 99 29 25 49 74 29 32 41 113 177 79 97 134 102 98 69 83 77 82 161 224 322 216 188 126 113 140 153 199 249 325 402 482 541 436 342 240 144 229 319 268 174 130 152 222 133 136 160 134 193 290 437 557 426 356 337 356 330 271 218 137 109 148 234 324 321 266 265 299 325 322 330 360
-9999 -9999 -9999 -9999 -9999 -9999 -9999 -9999 -9999 -9999 -9999 -9999 -9999 -9999 -9999 -9999 -9999 -9999 -9999 -9999 -9999 93 83 61 85 46 35 28 27 38 56 66 103 103 163 140 210 108 71 117 78 81 152 211 329 276 244 149 108 123 140 203 257 341 418 506 515 436 301 226 139 230 318 261 172 137 128 183 132 146 144 121 177 221 458 598 410 348 306 284 272 255 198 117 108 149 235 322 356 324 322 351 380 384 386 407
