GIS/ken_districts.asc
ncols         178
nrows         224
xllcorner     -67203.471654228
yllcorner     -518695.09422505
cellsize      5000
NODATA_value  -9999
[rows 112 to 167 of 224, columns 0 to 95 of 178]
-9999 -9999 -9999 -9999 4 4 4 4 4 4 4 11 11 11 11 11 11 11 11 11 11 11 11 31 31 31 31 31 31 43 43 43 43 43 43 5 5 5 5 5 1 1 1 1 1 1 1 1 1 1 1 1 20 20 20 20 20 20 20 20 20 20 20 20 20 20 20 20 20 20 20 20 20 20 20 20 20 20 9 9 9 9 26 26 26 26 26 26 26 26 26 26 26 26 26 9
-9999 -9999 -9999 4 4 4 4 37 37 37 37 11 11 11 11 11 11 11 11 11 11 11 11 31 31 31 31 31 31 31 43 43 43 43 43 5 5 5 5 5 1 1 1 1 1 1 1 1 1 1 1 1 20 20 20 20 20 20 20 20 20 20 20 20 20 20 20 20 20 20 20 20 20 20 20 20 20 20 9 9 9 26 26 26 26 26 26 26 26 26 26 26 26 26 26 9
-9999 -9999 4 4 4 37 37 37 37 37 37 11 11 11 11 11 11 11 11 11 11 11 11 11 31 31 31 31 31 31 43 43 43 43 43 5 5 5 5 5 1 1 1 1 1 1 1 1 1 1 1 1 1 20 20 20 20 20 20 20 20 20 20 20 20 20 20 20 20 20 20 20 20 20 20 20 20 26 26 26 26 26 26 26 26 26 26 26 26 26 26 26 26 26 26 9
-9999 -9999 4 4 4 37 37 37 37 37 37 11 11 11 11 11 11 11 11 11 11 11 11 31 31 31 31 31 31 31 31 31 43 43 43 43 5 5 5 5 1 1 1 1 1 1 1 1 1 1 1 47 1 20 20 20 20 20 20 20 20 20 20 20 20 20 20 20 20 20 20 20 20 20 20 20 20 26 26 26 26 26 26 26 26 26 26 26 26 26 26 26 26 26 26 26
-9999 4 4 4 37 37 37 37 37 37 37 37 11 11 11 11 11 11 11 11 44 44 44 31 31 31 31 31 31 31 31 31 43 43 43 43 43 1 1 1 1 1 1 1 1 1 1 1 1 1 47 47 47 20 20 20 20 20 20 20 20 20 20 20 20 20 20 20 20 20 20 20 20 20 20 20 26 26 26 26 26 26 26 26 26 26 26 26 26 26 26 26 26 26 26 26
4 4 4 4 37 37 37 37 37 37 37 37 11 37 11 11 44 44 44 44 44 31 31 31 31 31 31 31 31 31 31 31 31 43 43 43 43 1 1 1 1 1 1 1 1 1 1 1 1 1 47 47 47 20 20 20 20 20 20 20 20 20 20 20 20 20 20 20 20 20 20 20 20 20 20 26 26 26 26 26 26 26 26 26 26 26 26 26 26 26 26 26 26 26 26 26
4 4 4 37 37 37 37 37 37 37 37 37 37 37 44 44 44 44 44 44 44 31 31 31 31 31 31 31 31 31 31 31 31 43 43 43 1 1 1 1 1 1 1 1 1 47 1 1 1 1 47 47 47 20 20 20 34 34 20 20 20 20 20 20 20 20 20 20 20 20 20 20 20 20 26 26 26 26 26 26 26 26 26 26 26 26 26 26 26 26 26 26 26 26 26 26
4 4 4 37 37 37 37 37 37 37 37 37 37 37 44 44 44 44 44 44 44 31 31 31 31 31 31 31 31 31 31 31 31 43 43 43 1 1 1 1 1 1 1 1 1 1 47 1 1 47 47 47 47 20 20 20 34 34 34 34 20 20 20 20 20 20 20 20 20 20 20 26 26 26 26 26 26 26 26 26 26 26 26 26 26 26 26 26 26 40 40 40 26 40 40 26
-9999 4 4 37 37 37 37 37 37 37 37 37 37 37 44 17 17 44 44 17 31 31 31 31 31 31 31 31 31 31 31 31 31 12 12 12 12 12 1 1 1 1 1 1 1 1 47 47 47 47 47 47 20 34 34 34 34 34 34 34 34 20 20 20 20 20 20 20 20 20 35 26 26 26 26 26 26 26 26 26 26 26 26 26 26 26 26 26 26 26 40 40 40 40 40 40
-9999 37 37 37 37 37 37 37 37 37 37 37 17 17 17 17 17 17 17 17 17 17 17 17 17 17 17 17 17 31 31 31 31 31 12 12 12 12 12 1 1 1 1 1 47 47 47 47 47 47 47 47 34 34 34 34 34 34 34 20 20 20 20 20 20 20 20 20 20 35 35 35 35 26 26 26 26 26 26 26 26 26 26 26 26 26 26 26 26 26 40 40 40 40 40 40
-9999 37 37 37 37 37 37 37 37 37 37 17 17 17 17 17 17 17 17 17 17 17 17 17 17 17 17 17 17 12 12 12 31 12 12 12 12 12 47 47 1 1 1 47 47 47 47 47 47 47 47 47 34 34 34 34 34 34 34 34 34 20 20 20 20 20 20 20 20 35 35 35 35 35 26 26 26 26 26 26 26 26 26 26 26 26 26 26 26 40 40 40 40 40 40 40
-9999 -9999 37 37 37 37 37 37 37 37 37 37 17 17 17 17 17 17 17 17 17 17 17 17 17 17 17 17 17 17 17 12 12 12 12 12 12 12 47 47 47 1 47 47 47 47 47 47 47 47 47 34 34 34 34 34 34 34 34 34 34 35 35 35 35 35 20 20 20 35 35 35 35 35 35 35 26 26 26 26 26 26 26 26 26 26 26 26 40 40 40 40 40 40 40 40
-9999 37 37 37 37 37 37 37 37 37 37 37 17 17 17 17 17 17 17 17 17 17 17 17 17 17 17 12 12 12 17 17 12 12 12 12 12 12 12 47 1 47 47 47 47 47 47 47 47 47 47 34 34 34 34 34 34 34 34 34 34 34 35 35 35 20 20 20 20 35 35 35 35 35 35 15 6 40 40 40 40 40 40 26 26 40 40 40 40 40 40 40 40 40 40 18
-9999 37 37 37 37 37 37 37 37 37 37 37 17 17 17 17 17 17 17 17 17 17 17 17 17 17 12 12 12 12 12 17 12 12 12 12 12 12 12 47 47 47 47 47 47 47 47 47 47 47 47 47 34 34 34 34 34 34 34 34 34 35 35 35 35 35 20 20 20 35 35 35 35 35 35 15 15 6 40 40 40 40 40 40 40 40 40 40 40 40 40 40 40 40 40 18
-9999 37 37 37 37 37 37 37 37 37 37 37 37 8 8 8 8 8 8 17 17 17 17 17 17 12 12 12 12 12 12 12 12 12 12 47 47 12 47 47 47 47 47 47 47 47 47 47 47 47 47 34 34 34 34 34 34 34 34 34 34 35 35 35 35 35 35 35 20 35 35 35 35 35 35 15 15 6 6 40 40 40 40 40 40 40 40 40 40 40 40 18 18 18 18 18
-9999 37 37 37 37 37 37 37 37 37 37 37 8 8 8 8 8 8 8 8 17 17 17 17 17 12 12 12 12 12 12 12 12 12 47 47 47 47 47 47 47 47 47 47 47 47 47 47 47 47 47 47 34 34 34 34 34 34 34 34 35 35 35 35 35 35 35 35 35 35 35 35 35 35 15 15 15 6 6 6 40 40 40 40 40 40 40 40 40 40 40 18 18 18 18 18
-9999 8 8 8 8 8 8 8 37 37 8 8 8 8 8 8 8 8 8 8 17 17 17 17 12 12 12 12 12 12 12 12 12 12 12 47 47 47 47 47 47 47 47 47 47 47 47 47 47 47 47 47 47 47 34 34 34 34 34 34 35 35 35 35 35 35 35 35 35 35 35 35 35 35 15 15 15 15 6 6 6 6 40 40 40 40 40 40 6 40 40 18 18 18 18 18
8 8 8 8 8 8 8 8 37 8 8 8 8 8 8 8 8 8 8 8 8 8 8 8 8 12 12 12 12 12 2 2 12 12 2 47 47 47 47 47 47 47 47 47 47 47 47 47 47 47 47 47 47 47 47 34 34 34 34 34 34 35 35 35 35 35 35 35 35 35 35 35 35 15 15 15 15 15 6 6 6 6 6 6 40 40 40 6 6 40 18 18 18 18 18 18
8 8 8 8 8 8 8 8 8 8 8 8 8 8 8 8 8 8 8 8 8 8 8 33 33 12 12 12 12 2 2 2 12 2 2 2 47 47 47 47 47 47 32 47 47 47 47 47 47 47 47 47 47 47 47 34 34 34 34 34 34 35 35 35 35 35 35 35 35 35 35 35 35 15 15 15 15 15 6 6 6 6 6 6 6 6 6 6 6 18 18 18 18 18 18 18
8 8 8 8 8 8 8 8 8 8 8 8 8 8 8 8 8 8 8 8 8 33 33 33 33 33 12 12 12 2 2 2 2 2 2 2 47 47 47 47 47 47 32 32 47 47 47 47 47 47 47 47 47 47 47 47 34 34 34 34 34 35 35 35 35 35 35 35 35 35 35 35 35 15 15 15 15 15 6 6 6 6 6 6 6 6 6 6 6 18 18 18 18 18 18 18
8 8 8 8 8 8 8 8 8 8 8 8 8 8 8 8 8 8 8 16 16 16 33 33 33 12 12 12 12 2 2 2 2 2 2 2 2 47 47 47 32 32 32 32 32 47 47 47 47 47 47 47 47 47 47 47 34 34 34 34 34 34 35 35 35 35 35 35 35 35 35 35 15 15 15 15 15 15 15 6 6 6 6 6 6 6 6 6 6 18 18 18 18 18 18 18
8 8 8 8 8 8 8 8 8 8 8 8 8 8 8 8 8 16 16 16 16 16 33 33 33 33 12 12 12 2 2 2 2 2 2 2 32 47 47 47 32 32 32 32 32 32 47 47 47 47 47 47 47 47 47 47 47 34 34 34 34 34 29 29 29 29 35 29 29 29 35 35 35 15 15 15 15 15 15 15 6 6 6 6 6 6 6 6 6 18 18 18 18 18 18 18
8 8 8 8 8 8 8 8 8 8 8 8 8 8 8 8 16 16 16 16 33 33 33 33 33 33 12 12 12 2 2 2 2 32 32 32 32 32 47 47 32 32 32 32 47 32 47 47 47 47 47 47 47 47 47 47 47 47 34 34 34 34 29 29 29 29 29 29 29 29 29 29 29 15 15 15 15 15 15 6 6 6 6 6 6 6 6 6 6 18 18 18 18 18 18 18
8 8 8 8 8 8 8 8 8 8 8 8 8 8 27 27 16 16 16 16 33 33 33 33 33 33 2 2 2 2 2 2 2 2 32 32 32 32 47 32 32 32 32 32 32 47 32 32 32 47 47 47 47 47 47 47 47 47 47 34 34 34 29 29 29 29 29 29 29 29 29 29 29 29 15 15 15 15 15 15 6 6 6 6 6 6 6 6 6 18 18 18 18 18 18 18
8 8 8 8 8 8 8 8 8 8 8 8 8 8 27 27 16 16 16 16 16 16 33 33 33 33 2 2 2 2 2 2 2 2 32 32 32 32 32 32 32 32 32 32 32 32 32 32 32 32 47 47 47 47 47 47 47 47 47 34 34 34 34 29 29 29 29 29 29 29 29 29 29 29 29 15 15 15 15 6 6 6 6 6 6 6 6 6 6 18 18 18 18 18 18 18
8 8 8 8 8 27 27 8 8 8 8 8 8 27 27 27 16 16 16 16 16 16 16 33 33 33 2 2 2 2 2 2 2 2 2 2 32 32 32 32 32 32 32 32 32 32 32 32 32 32 32 47 47 47 47 47 47 47 47 34 34 34 34 29 29 29 29 29 29 29 29 29 29 29 29 6 6 6 6 6 6 6 6 6 6 22 6 6 6 18 18 18 18 18 18 18
27 27 27 27 27 27 27 27 8 8 8 8 27 27 27 27 16 16 16 16 16 16 16 16 33 33 2 2 2 2 2 2 2 2 2 32 32 32 32 32 32 32 32 32 32 32 32 32 32 32 47 47 47 47 47 47 47 47 47 34 13 13 13 29 29 29 29 29 29 29 29 29 29 29 29 22 6 6 6 6 6 6 6 6 22 22 22 22 18 18 18 18 18 18 18 18
27 27 27 27 27 27 27 27 27 27 27 27 27 27 27 27 16 16 16 16 16 16 16 16 33 2 2 2 2 2 2 2 2 2 2 32 32 32 32 32 32 32 32 32 32 32 32 32 32 32 47 47 47 47 47 47 47 47 47 34 13 13 13 13 13 29 29 29 29 29 29 29 29 29 29 22 22 22 22 6 6 6 22 22 22 22 22 18 18 18 18 18 18 18 18 18
27 27 27 27 27 27 27 27 27 27 27 27 27 27 27 27 16 16 16 16 16 16 32 32 32 32 2 2 2 2 2 2 2 2 32 32 32 32 32 32 32 32 32 32 32 32 32 32 32 32 32 47 32 47 47 47 47 47 47 13 13 13 13 13 13 13 13 29 29 29 29 29 29 29 29 29 22 22 22 22 22 22 22 22 22 22 22 22 18 18 18 18 18 18 18 18
-9999 27 27 27 27 27 27 27 27 27 27 27 27 27 27 27 16 16 32 32 32 32 32 32 32 32 32 32 2 2 2 2 2 32 32 32 32 32 32 32 32 32 32 32 32 32 32 32 32 32 32 32 32 47 47 47 47 47 47 47 13 13 13 13 13 13 13 13 29 29 29 29 29 29 29 29 29 22 22 22 22 22 22 22 22 22 22 22 18 18 18 18 18 18 18 18
-9999 -9999 -9999 27 27 27 27 27 27 27 27 27 27 27 27 32 32 32 32 32 32 32 32 32 32 32 32 32 32 2 2 32 32 32 32 32 32 32 32 32 32 32 32 32 32 32 32 32 32 32 32 32 32 32 47 47 47 47 47 47 13 13 13 13 13 13 13 13 13 29 29 29 29 29 29 29 29 29 22 22 22 22 22 22 22 22 22 22 18 18 18 18 18 18 18 18
-9999 -9999 -9999 -9999 -9999 27 27 27 27 27 27 27 27 27 27 32 32 32 32 32 32 32 32 32 32 32 32 32 32 32 32 32 32 32 32 32 32 32 32 32 32 32 32 32 32 32 32 32 32 32 32 32 32 32 10 47 47 47 47 47 13 13 13 13 13 13 13 13 13 13 13 13 13 13 13 13 29 29 22 22 22 22 22 22 22 22 22 22 18 18 18 18 18 18 18 18
-9999 -9999 -9999 -9999 -9999 -9999 -9999 27 27 27 27 27 27 27 27 27 32 32 32 32 32 32 32 32 32 32 32 32 32 32 32 32 32 32 32 32 32 32 32 32 32 32 32 32 32 32 32 32 32 32 32 32 32 32 10 10 10 47 47 13 13 13 13 13 13 13 13 13 13 13 13 13 13 22 22 22 13 22 22 22 22 22 18 18 18 18 22 18 18 18 18 18 18 18 18 18
-9999 -9999 -9999 -9999 -9999 -9999 -9999 -9999 -9999 27 27 27 27 27 27 27 32 32 32 32 32 32 32 32 32 32 32 32 32 32 32 32 32 32 32 32 32 32 32 32 32 32 32 32 32 32 32 32 32 32 32 32 32 32 10 10 10 10 47 13 13 13 13 13 13 13 13 13 13 13 13 13 13 22 22 22 22 22 22 22 22 22 22 18 18 18 18 18 18 18 18 18 18 18 18 18
-9999 -9999 -9999 -9999 -9999 -9999 -9999 -9999 -9999 -9999 27 27 27 27 27 27 27 32 32 32 32 32 32 32 32 32 32 32 32 32 32 32 32 32 32 32 32 32 32 32 32 32 32 32 32 32 32 32 32 32 32 32 32 32 10 10 10 10 13 13 13 13 13 13 13 13 13 13 13 13 13 13 13 22 22 22 22 22 22 22 22 22 22 18 18 18 18 18 18 18 18 18 18 18 18 18
-9999 -9999 -9999 -9999 -9999 -9999 -9999 -9999 -9999 -9999 -9999 -9999 27 27 27 27 27 32 32 32 32 32 32 32 32 32 32 32 32 32 32 32 32 32 32 32 32 32 32 32 32 32 32 32 32 32 32 32 32 32 32 32 32 10 10 10 10 10 13 13 13 13 13 30 30 30 30 30 30 30 30 13 22 22 22 22 22 22 22 22 22 22 22 22 18 18 18 18 18 18 18 18 18 18 18 18
-9999 -9999 -9999 -9999 -9999 -9999 -9999 -9999 -9999 -9999 -9999 -9999 -9999 -9999 27 27 27 27 32 32 32 32 32 32 32 32 32 32 32 32 32 32 32 32 32 32 32 32 32 32 32 32 32 32 32 32 32 32 32 32 32 32 10 10 10 10 10 10 10 13 13 13 30 30 30 30 30 30 30 30 30 22 22 22 22 22 22 22 22 22 22 22 22 22 22 18 18 18 18 18 18 18 18 18 18 18
-9999 -9999 -9999 -9999 -9999 -9999 -9999 -9999 -9999 -9999 -9999 -9999 -9999 -9999 -9999 -9999 27 27 32 32 32 32 32 32 32 32 32 32 32 32 32 32 32 32 32 32 32 32 32 32 32 32 32 32 32 32 32 32 32 32 32 10 10 10 10 10 10 10 10 10 10 10 30 30 30 30 30 30 22 22 22 22 22 22 22 22 22 22 22 22 22 22 22 22 22 18 18 18 18 18 18 18 18 18 18 18
-9999 -9999 -9999 -9999 -9999 -9999 -9999 -9999 -9999 -9999 -9999 -9999 -9999 -9999 -9999 -9999 -9999 -9999 32 32 32 32 32 32 32 32 32 32 32 32 32 32 32 32 32 32 32 32 32 32 32 32 32 32 32 32 32 32 32 32 10 10 10 10 10 10 10 10 10 10 10 10 10 30 30 30 30 22 22 22 22 22 22 22 22 22 22 22 22 22 22 22 22 22 22 22 18 18 18 18 18 18 18 18 18 18
-9999 -9999 -9999 -9999 -9999 -9999 -9999 -9999 -9999 -9999 -9999 -9999 -9999 -9999 -9999 -9999 -9999 -9999 -9999 32 32 32 32 32 32 32 32 32 32 32 32 32 32 32 32 32 32 32 32 32 32 32 32 32 32 32 32 32 32 10 10 10 10 10 10 10 10 10 10 10 10 10 10 10 10 10 22 30 22 22 22 22 22 22 22 22 22 22 22 22 22 22 22 22 22 22 22 18 18 18 18 18 18 18 18 18
-9999 -9999 -9999 -9999 -9999 -9999 -9999 -9999 -9999 -9999 -9999 -9999 -9999 -9999 -9999 -9999 -9999 -9999 -9999 -9999 -9999 32 32 32 32 32 32 32 32 32 32 32 32 32 32 32 32 32 32 32 32 32 32 32 32 32 32 32 10 10 10 10 10 10 10 10 10 10 10 10 10 10 10 10 10 10 22 10 22 22 22 22 22 22 22 22 22 22 22 22 22 22 22 22 22 22 22 18 18 18 18 18 18 18 18 18
-9999 -9999 -9999 -9999 -9999 -9999 -9999 -9999 -9999 -9999 -9999 -9999 -9999 -9999 -9999 -9999 -9999 -9999 -9999 -9999 -9999 -9999 -9999 32 32 32 32 32 32 32 32 32 32 32 32 32 32 32 32 32 32 32 32 32 32 32 32 32 10 10 10 10 10 10 10 10 10 10 10 10 10 10 10 10 10 10 10 10 22 22 22 22 22 22 22 22 22 22 22 22 22 22 22 22 18 18 18 18 18 18 18 18 18 18 18 18
-9999 -9999 -9999 -9999 -9999 -9999 -9999 -9999 -9999 -9999 -9999 -9999 -9999 -9999 -9999 -9999 -9999 -9999 -9999 -9999 -9999 -9999 -9999 -9999 -9999 32 32 32 32 32 32 32 32 32 32 32 32 32 32 32 32 32 32 32 32 32 32 32 10 10 10 10 10 10 10 10 10 10 10 10 10 10 10 10 10 10 10 10 22 22 22 22 22 22 22 22 22 23 23 23 23 22 22 22 22 18 18 18 18 18 18 18 18 18 18 18
-9999 -9999 -9999 -9999 -9999 -9999 -9999 -9999 -9999 -9999 -9999 -9999 -9999 -9999 -9999 -9999 -9999 -9999 -9999 -9999 -9999 -9999 -9999 -9999 -9999 -9999 32 32 32 32 32 32 32 32 32 32 32 32 32 32 32 32 32 32 32 32 32 32 10 10 10 10 10 10 10 10 10 10 10 10 10 10 10 10 10 10 10 10 10 22 22 22 22 22 23 22 22 23 23 23 23 23 23 22 23 23 18 18 18 18 18 18 18 18 18 18
-9999 -9999 -9999 -9999 -9999 -9999 -9999 -9999 -9999 -9999 -9999 -9999 -9999 -9999 -9999 -9999 -9999 -9999 -9999 -9999 -9999 -9999 -9999 -9999 -9999 -9999 -9999 -9999 32 32 32 32 32 32 32 32 32 32 32 32 32 32 32 32 32 32 32 32 10 10 10 10 10 10 10 10 10 10 10 10 10 10 10 10 10 10 10 10 10 10 22 22 22 23 23 22 22 22 23 23 23 23 23 23 23 23 23 18 18 18 18 18 18 18 18 18
-9999 -9999 -9999 -9999 -9999 -9999 -9999 -9999 -9999 -9999 -9999 -9999 -9999 -9999 -9999 -9999 -9999 -9999 -9999 -9999 -9999 -9999 -9999 -9999 -9999 -9999 -9999 -9999 -9999 -9999 32 32 32 32 32 32 32 32 32 32 32 32 32 32 32 32 32 32 10 10 10 10 10 10 10 10 10 10 10 10 10 10 10 10 10 10 10 10 10 10 10 22 22 23 23 22 22 22 23 23 23 23 23 23 23 23 23 18 18 18 18 18 18 18 18 18
-9999 -9999 -9999 -9999 -9999 -9999 -9999 -9999 -9999 -9999 -9999 -9999 -9999 -9999 -9999 -9999 -9999 -9999 -9999 -9999 -9999 -9999 -9999 -9999 -9999 -9999 -9999 -9999 -9999 -9999 -9999 -9999 32 32 32 32 32 32 32 32 32 32 32 32 32 32 32 32 10 10 10 10 10 10 10 10 10 10 10 10 10 10 10 10 10 10 10 10 10 10 10 22 22 23 23 23 23 23 23 23 23 23 23 23 23 23 23 23 18 18 18 18 18 18 18 18
-9999 -9999 -9999 -9999 -9999 -9999 -9999 -9999 -9999 -9999 -9999 -9999 -9999 -9999 -9999 -9999 -9999 -9999 -9999 -9999 -9999 -9999 -9999 -9999 -9999 -9999 -9999 -9999 -9999 -9999 -9999 -9999 -9999 -9999 32 32 32 32 32 32 32 32 32 32 32 32 32 10 10 10 10 10 10 10 10 10 10 10 10 10 10 10 10 10 10 10 10 10 10 10 10 10 23 23 23 23 23 23 23 23 23 23 23 23 23 23 23 23 18 18 18 18 18 18 18 18
-9999 -9999 -9999 -9999 -9999 -9999 -9999 -9999 -9999 -9999 -9999 -9999 -9999 -9999 -9999 -9999 -9999 -9999 -9999 -9999 -9999 -9999 -9999 -9999 -9999 -9999 -9999 -9999 -9999 -9999 -9999 -9999 -9999 -9999 -9999 32 32 32 32 32 32 32 32 32 32 32 32 10 10 10 10 10 10 10 10 10 10 10 10 10 10 10 10 10 10 10 10 10 10 10 10 10 23 23 23 23 23 23 23 23 23 23 23 23 23 23 23 23 18 18 18 18 18 18 18 18
-9999 -9999 -9999 -9999 -9999 -9999 -9999 -9999 -9999 -9999 -9999 -9999 -9999 -9999 -9999 -9999 -9999 -9999 -9999 -9999 -9999 -9999 -9999 -9999 -9999 -9999 -9999 -9999 -9999 -9999 -9999 -9999 -9999 -9999 -9999 -9999 -9999 32 32 32 32 32 32 32 32 32 32 32 10 10 10 10 10 10 10 10 10 10 10 10 10 10 10 10 10 10 10 10 10 10 10 10 10 23 23 23 23 23 23 23 23 23 23 23 23 23 23 23 23 18 18 18 18 18 18 18
-9999 -9999 -9999 -9999 -9999 -9999 -9999 -9999 -9999 -9999 -9999 -9999 -9999 -9999 -9999 -9999 -9999 -9999 -9999 -9999 -9999 -9999 -9999 -9999 -9999 -9999 -9999 -9999 -9999 -9999 -9999 -9999 -9999 -9999 -9999 -9999 -9999 -9999 -9999 32 32 32 32 32 32 32 32 32 10 10 10 10 10 10 10 10 10 10 10 10 10 10 10 10 10 10 10 10 10 10 10 10 10 23 23 23 23 23 23 23 23 23 23 23 23 23 23 23 23 18 18 18 18 18 18 18
-9999 -9999 -9999 -9999 -9999 -9999 -9999 -9999 -9999 -9999 -9999 -9999 -9999 -9999 -9999 -9999 -9999 -9999 -9999 -9999 -9999 -9999 -9999 -9999 -9999 -9999 -9999 -9999 -9999 -9999 -9999 -9999 -9999 -9999 -9999 -9999 -9999 -9999 -9999 -9999 -9999 32 32 32 32 32 32 32 10 10 10 10 10 10 10 10 10 10 10 10 10 10 10 10 10 10 10 10 10 10 10 10 10 10 10 23 23 23 23 23 23 23 23 23 23 23 23 23 23 18 18 18 18 18 18 18
-9999 -9999 -9999 -9999 -9999 -9999 -9999 -9999 -9999 -9999 -9999 -9999 -9999 -9999 -9999 -9999 -9999 -9999 -9999 -9999 -9999 -9999 -9999 -9999 -9999 -9999 -9999 -9999 -9999 -9999 -9999 -9999 -9999 -9999 -9999 -9999 -9999 -9999 -9999 -9999 -9999 -9999 -9999 32 32 32 32 10 10 10 10 10 10 10 10 10 10 10 10 10 10 10 10 10 10 10 10 10 10 10 10 10 10 10 10 10 23 23 23 23 23 23 23 23 23 23 23 23 23 23 18 18 18 18 18 18
-9999 -9999 -9999 -9999 -9999 -9999 -9999 -9999 -9999 -9999 -9999 -9999 -9999 -9999 -9999 -9999 -9999 -9999 -9999 -9999 -9999 -9999 -9999 -9999 -9999 -9999 -9999 -9999 -9999 -9999 -9999 -9999 -9999 -9999 -9999 -9999 -9999 -9999 -9999 -9999 -9999 -9999 -9999 -9999 32 32 32 10 10 10 10 10 10 10 10 10 10 10 10 10 10 10 10 10 10 10 10 10 10 10 10 10 10 10 10 10 10 10 23 23 23 23 23 23 23 23 23 23 23 23 18 18 18 18 18 18
-9999 -9999 -9999 -9999 -9999 -9999 -9999 -9999 -9999 -9999 -9999 -9999 -9999 -9999 -9999 -9999 -9999 -9999 -9999 -9999 -9999 -9999 -9999 -9999 -9999 -9999 -9999 -9999 -9999 -9999 -9999 -9999 -9999 -9999 -9999 -9999 -9999 -9999 -9999 -9999 -9999 -9999 -9999 -9999 -9999 -9999 32 10 10 10 10 10 10 10 10 10 10 10 10 10 10 10 10 10 10 10 10 10 10 10 10 10 10 10 10 10 10 10 10 10 23 23 23 23 23 23 23 23 23 23 18 18 18 18 18 18
-9999 -9999 -9999 -9999 -9999 -9999 -9999 -9999 -9999 -9999 -9999 -9999 -9999 -9999 -9999 -9999 -9999 -9999 -9999 -9999 -9999 -9999 -9999 -9999 -9999 -9999 -9999 -9999 -9999 -9999 -9999 -9999 -9999 -9999 -9999 -9999 -9999 -9999 -9999 -9999 -9999 -9999 -9999 -9999 -9999 -9999 -9999 -9999 10 10 10 10 10 10 10 10 10 10 10 10 10 10 10 10 10 10 10 10 10 10 10 10 10 10 10 10 10 10 10 10 10 10 23 23 23 23 23 23 23 23 18 18 18 18 18 18
