GIS/ken_initial_population.asc
ncols         178
nrows         224
xllcorner     -67203.471654228
yllcorner     -518695.09422505
cellsize      5000
NODATA_value  -9999
[rows 117 to 155 of 224, columns 88 to 175 of 178]
11152 8186 4417 1727 17 5 5 7 7 18 69 48 112 150 96 29 12 8 10 181 1536 975 716 558 481 1403 662 936 897 607 505 899 736 781 1789 648 231 223 277 297 319 312 333 322 327 364 424 196 168 172 126 136 290 760 28063 5170 305 218 124 106 78 158 204 259 325 269 165 129 110 88 -9999 -9999 -9999 -9999 -9999 -9999 -9999 -9999 -9999 -9999 -9999 -9999 -9999 -9999 -9999 -9999 -9999 -9999
5758 6536 4186 1795 17 9 5 4 4 5 22 39 36 66 97 22 12 9 10 215 1220 932 436 564 607 1640 789 308 652 729 615 595 515 313 394 389 280 343 357 341 353 358 354 575 361 121 113 199 291 409 404 534 907 2317 57098 8636 137 53 30 23 19 48 170 209 268 220 153 134 124 77 -9999 -9999 -9999 -9999 -9999 -9999 -9999 -9999 -9999 -9999 -9999 -9999 -9999 -9999 -9999 -9999 -9999 -9999
5577 3458 4150 4245 965 663 263 76 14 6 4 31 32 31 31 18 12 11 21 547 1457 1056 335 530 892 1842 769 235 198 237 287 220 211 199 237 353 465 867 714 550 468 376 558 1106 170 93 57 63 369 646 709 824 1361 2023 31706 25910 2118 85 50 29 20 16 103 151 156 151 135 118 102 86 -9999 -9999 -9999 -9999 -9999 -9999 -9999 -9999 -9999 -9999 -9999 -9999 -9999 -9999 -9999 -9999 -9999 -9999
3225 3430 3017 3300 1899 984 473 577 364 71 4 7 34 42 83 44 12 20 49 704 1845 1209 1016 840 1369 2003 1219 854 206 171 127 115 146 211 220 299 348 397 487 828 806 489 612 380 178 102 71 90 321 564 884 617 606 617 410 44184 22635 2219 696 37 21 17 37 133 134 121 108 99 127 144 -9999 -9999 -9999 -9999 -9999 -9999 -9999 -9999 -9999 -9999 -9999 -9999 -9999 -9999 -9999 -9999 -9999 -9999
2804 2594 2828 2583 1446 891 905 386 358 247 99 20 33 74 148 58 16 24 75 641 1773 1904 1322 2831 2237 1185 1000 696 308 339 303 215 273 370 255 203 291 229 178 226 1022 1257 668 166 161 113 145 265 82 50 56 54 56 54 74 255 1583 1640 856 60 20 16 12 90 110 97 90 111 138 162 -9999 -9999 -9999 -9999 -9999 -9999 -9999 -9999 -9999 -9999 -9999 -9999 -9999 -9999 -9999 -9999 -9999 -9999
3693 3059 2171 2193 1327 764 857 508 628 547 260 167 99 28 43 27 13 15 28 57 91 403 456 558 510 285 287 232 809 515 566 380 848 477 327 243 269 392 308 481 533 1330 327 155 206 189 351 426 85 38 34 47 54 44 37 53 311 518 500 220 19 15 9 47 103 88 96 133 161 192 -9999 -9999 -9999 -9999 -9999 -9999 -9999 -9999 -9999 -9999 -9999 -9999 -9999 -9999 -9999 -9999 -9999 -9999
3145 2008 2491 1815 849 614 426 1104 786 745 544 344 113 57 17 11 10 10 12 23 67 51 56 161 292 152 147 341 612 443 406 587 2322 872 615 533 305 378 734 495 435 398 183 121 174 230 250 109 49 31 26 30 34 26 23 43 146 409 344 339 167 10 9 9 90 99 97 91 60 49 -9999 -9999 -9999 -9999 -9999 -9999 -9999 -9999 -9999 -9999 -9999 -9999 -9999 -9999 -9999 -9999 -9999 -9999
2100 1252 1194 1438 896 372 345 1100 1149 1139 1086 578 135 67 25 10 10 10 12 13 26 99 300 424 333 130 74 154 181 197 203 226 336 299 646 939 427 260 505 454 324 307 204 157 1237 221 74 46 31 34 49 33 20 20 23 42 80 406 350 311 175 9 9 12 36 38 38 44 46 51 -9999 -9999 -9999 -9999 -9999 -9999 -9999 -9999 -9999 -9999 -9999 -9999 -9999 -9999 -9999 -9999 -9999 -9999
3375 1513 827 967 818 411 723 728 863 855 684 417 115 68 49 10 9 12 19 29 23 48 220 339 198 51 37 35 38 34 40 103 140 141 308 428 400 406 331 263 240 229 194 161 200 93 39 26 26 44 99 82 31 22 23 28 34 123 245 162 132 109 50 20 23 31 40 46 49 51 -9999 -9999 -9999 -9999 -9999 -9999 -9999 -9999 -9999 -9999 -9999 -9999 -9999 -9999 -9999 -9999 -9999 -9999
2849 2189 1279 788 577 569 527 848 991 595 709 503 113 68 60 24 9 12 34 196 49 26 110 178 77 20 16 20 22 28 43 118 187 116 160 221 425 654 509 364 409 197 60 145 68 46 29 22 22 34 69 73 52 28 19 17 17 43 136 128 136 110 23 20 26 31 36 62 77 60 -9999 -9999 -9999 -9999 -9999 -9999 -9999 -9999 -9999 -9999 -9999 -9999 -9999 -9999 -9999 -9999 -9999 -9999
2357 1907 1022 861 727 654 627 875 1161 644 930 468 136 88 65 39 11 21 143 428 66 60 51 54 29 15 13 15 20 23 47 142 207 93 71 130 280 610 2102 755 209 131 232 150 87 42 28 26 23 26 48 137 96 35 20 12 11 23 116 131 135 43 18 19 25 30 41 121 147 77 -9999 -9999 -9999 -9999 -9999 -9999 -9999 -9999 -9999 -9999 -9999 -9999 -9999 -9999 -9999 -9999 -9999 -9999
1598 1107 903 703 742 693 695 721 709 702 797 486 257 119 57 31 42 125 356 516 123 46 20 17 13 12 12 14 17 19 37 108 141 55 39 74 157 278 1098 609 359 1671 401 181 176 72 59 63 29 23 35 82 67 29 22 17 11 12 33 48 51 19 17 20 25 27 37 79 100 69 -9999 -9999 -9999 -9999 -9999 -9999 -9999 -9999 -9999 -9999 -9999 -9999 -9999 -9999 -9999 -9999 -9999 -9999
1134 891 1079 589 671 621 500 803 724 919 509 496 380 191 62 34 84 317 394 399 113 36 21 16 13 12 12 13 15 17 30 96 142 60 44 59 101 254 1295 44510 26496 1099 388 231 319 102 81 97 37 18 20 26 26 21 19 17 17 17 15 14 15 16 21 23 40 65 44 41 54 55 -9999 -9999 -9999 -9999 -9999 -9999 -9999 -9999 -9999 -9999 -9999 -9999 -9999 -9999 -9999 -9999 -9999 -9999
1351 861 632 575 835 967 478 605 618 754 589 429 355 222 85 49 78 228 153 78 64 28 21 17 14 13 13 14 15 17 26 39 48 56 82 102 123 361 4851 64772 37661 997 432 421 440 170 50 44 17 13 13 15 16 15 14 12 10 12 12 13 15 16 23 23 64 107 66 34 35 43 -9999 -9999 -9999 -9999 -9999 -9999 -9999 -9999 -9999 -9999 -9999 -9999 -9999 -9999 -9999 -9999 -9999 -9999
1132 423 496 1242 1240 1538 1361 806 829 643 485 484 480 293 108 59 75 146 74 29 23 21 18 18 15 14 16 18 19 19 26 34 46 96 205 213 118 198 178 1695 2378 533 386 429 451 233 48 20 14 12 12 12 15 11 9 11 10 12 12 14 16 19 20 23 41 68 37 26 29 31 -9999 -9999 -9999 -9999 -9999 -9999 -9999 -9999 -9999 -9999 -9999 -9999 -9999 -9999 -9999 -9999 -9999 -9999
911 388 643 1606 1130 1190 1138 1565 1062 807 486 438 341 180 103 97 82 74 60 26 20 17 17 20 18 17 17 18 20 24 35 55 70 160 361 183 48 130 194 128 300 271 351 866 522 237 64 25 18 19 19 14 13 11 10 11 11 12 12 15 17 18 20 20 22 21 21 22 24 26 -9999 -9999 -9999 -9999 -9999 -9999 -9999 -9999 -9999 -9999 -9999 -9999 -9999 -9999 -9999 -9999 -9999 -9999
1641 910 921 1607 1410 1590 1305 1319 812 817 646 571 451 220 299 216 98 71 57 39 19 19 18 21 22 22 22 22 21 30 65 171 150 88 105 49 29 41 64 69 166 213 279 367 590 302 92 66 34 54 61 34 32 39 37 16 10 11 12 15 18 20 19 19 19 19 18 22 25 26 -9999 -9999 -9999 -9999 -9999 -9999 -9999 -9999 -9999 -9999 -9999 -9999 -9999 -9999 -9999 -9999 -9999 -9999
775 1206 736 828 812 1265 1699 1095 1533 795 735 465 750 371 403 259 100 74 54 48 25 21 23 27 35 48 48 40 39 45 84 170 127 41 40 29 24 23 38 62 60 77 116 227 471 496 496 270 178 191 222 172 88 52 46 30 9 10 11 15 18 19 19 19 18 19 20 23 26 28 -9999 -9999 -9999 -9999 -9999 -9999 -9999 -9999 -9999 -9999 -9999 -9999 -9999 -9999 -9999 -9999 -9999 -9999
605 578 658 857 1447 2267 1343 775 1098 635 344 380 457 313 316 127 84 62 56 56 54 28 31 41 65 144 160 64 38 34 41 49 40 28 23 26 31 33 56 77 68 63 89 198 519 513 505 555 300 276 270 259 95 56 43 37 15 9 12 14 16 17 17 19 17 17 20 25 29 27 -9999 -9999 -9999 -9999 -9999 -9999 -9999 -9999 -9999 -9999 -9999 -9999 -9999 -9999 -9999 -9999 -9999 -9999
837 1099 1282 1019 1128 1517 1129 922 917 1055 495 459 339 223 182 136 97 76 65 66 68 63 44 54 98 420 174 56 29 20 21 19 19 20 20 19 22 27 50 116 144 79 123 302 505 815 444 350 299 214 166 128 62 57 51 27 20 12 14 15 15 16 18 20 20 20 29 52 75 57 -9999 -9999 -9999 -9999 -9999 -9999 -9999 -9999 -9999 -9999 -9999 -9999 -9999 -9999 -9999 -9999 -9999 -9999
807 897 1091 1105 1079 1806 797 654 664 1157 1716 1020 753 349 436 564 269 105 95 102 73 65 39 43 84 121 91 45 14 10 9 9 9 10 15 16 20 25 43 140 304 110 109 261 358 316 201 159 116 96 88 67 56 51 29 20 18 19 15 17 15 16 19 20 29 48 79 163 319 234 -9999 -9999 -9999 -9999 -9999 -9999 -9999 -9999 -9999 -9999 -9999 -9999 -9999 -9999 -9999 -9999 -9999 -9999
961 871 885 1161 1540 1888 899 778 1317 1139 1072 684 595 252 284 384 195 111 104 82 60 48 34 26 48 79 54 26 13 9 8 8 8 8 11 16 17 20 34 83 226 183 85 133 291 237 150 158 103 80 71 56 53 33 23 22 22 23 17 16 16 17 20 34 77 139 181 373 360 355 -9999 -9999 -9999 -9999 -9999 -9999 -9999 -9999 -9999 -9999 -9999 -9999 -9999 -9999 -9999 -9999 -9999 -9999
769 741 862 1082 1510 1602 1458 1150 1110 807 745 612 488 208 137 181 112 120 171 77 41 31 29 25 54 73 42 15 9 8 8 9 9 9 9 18 19 20 27 70 164 178 136 207 321 302 265 313 147 83 68 60 40 25 26 23 23 23 25 18 17 20 29 139 222 206 179 268 385 414 -9999 -9999 -9999 -9999 -9999 -9999 -9999 -9999 -9999 -9999 -9999 -9999 -9999 -9999 -9999 -9999 -9999 -9999
827 865 1089 1798 9366 2930 1978 912 732 719 731 673 786 390 122 87 65 90 110 61 37 29 31 30 63 87 42 15 9 8 9 8 9 8 8 10 14 21 26 34 70 82 143 189 183 167 237 224 76 46 62 53 27 27 27 24 26 29 29 29 34 37 110 251 216 206 175 189 348 518 624 -9999 -9999 -9999 -9999 -9999 -9999 -9999 -9999 -9999 -9999 -9999 -9999 -9999 -9999 -9999 -9999 -9999
933 964 1523 2309 4605 2144 1522 920 795 942 966 978 874 632 251 78 62 51 51 44 31 26 29 33 35 41 26 9 8 8 6 7 8 9 10 12 13 20 26 29 40 77 226 186 154 283 119 69 58 48 41 35 31 30 31 26 25 29 31 32 33 40 119 355 200 189 200 236 225 611 743 520 -9999 -9999 -9999 -9999 -9999 -9999 -9999 -9999 -9999 -9999 -9999 -9999 -9999 -9999 -9999 -9999
1507 1427 1099 2739 2462 1754 1736 1183 986 843 941 1427 929 529 293 191 141 76 60 44 39 37 36 39 19 11 9 6 7 6 6 6 8 8 10 19 25 18 25 41 43 91 311 514 206 354 150 79 116 79 52 37 35 36 34 33 31 33 37 36 36 40 62 169 161 167 192 225 358 694 721 642 623 -9999 -9999 -9999 -9999 -9999 -9999 -9999 -9999 -9999 -9999 -9999 -9999 -9999 -9999 -9999
2014 2217 1533 3389 3333 3549 1510 1172 1388 794 646 1357 399 262 305 358 230 108 54 39 34 32 31 29 22 7 6 6 6 4 5 5 6 8 11 35 54 45 28 54 54 71 257 426 349 281 299 120 150 111 58 39 36 34 34 33 35 37 43 84 44 40 51 187 237 198 199 260 329 382 680 592 611 -9999 -9999 -9999 -9999 -9999 -9999 -9999 -9999 -9999 -9999 -9999 -9999 -9999 -9999 -9999
2234 2758 4302 4944 3567 2262 1665 1573 1215 716 909 802 275 226 322 415 208 92 54 31 23 20 21 20 16 7 6 6 5 6 6 5 6 6 9 26 54 66 43 103 72 42 234 750 657 457 921 268 113 96 63 48 38 32 33 35 41 41 189 406 326 50 50 134 306 240 553 294 291 901 1099 603 344 349 -9999 -9999 -9999 -9999 -9999 -9999 -9999 -9999 -9999 -9999 -9999 -9999 -9999 -9999
2134 2770 4659 4899 2355 1905 1688 1033 612 544 774 676 316 288 289 226 163 83 49 36 20 17 18 20 17 9 9 7 7 7 6 5 6 8 11 13 20 25 24 60 50 34 176 741 785 553 319 395 234 150 93 61 51 37 35 37 42 40 296 453 455 285 118 110 310 489 496 316 356 1403 1364 1862 637 266 688 -9999 -9999 -9999 -9999 -9999 -9999 -9999 -9999 -9999 -9999 -9999 -9999 -9999
2448 2988 4986 5092 2621 1550 1639 1503 840 519 291 187 166 227 294 357 272 101 60 42 24 17 15 16 17 8 8 7 6 7 6 5 5 9 9 10 14 17 19 26 49 51 137 1228 2863 468 195 430 462 313 184 89 64 48 40 41 43 141 381 482 575 538 457 426 562 605 540 441 323 699 489 658 266 47 85 95 -9999 -9999 -9999 -9999 -9999 -9999 -9999 -9999 -9999 -9999 -9999 -9999
1777 5920 4042 5131 3486 1384 1823 2329 963 732 347 235 169 180 259 431 334 162 76 51 34 20 16 16 16 7 8 8 9 6 6 6 6 8 8 9 11 13 20 51 116 108 53 421 812 500 234 336 308 330 343 141 72 57 49 48 54 313 498 579 636 562 623 1198 702 688 295 279 168 57 37 37 33 34 42 51 -9999 -9999 -9999 -9999 -9999 -9999 -9999 -9999 -9999 -9999 -9999 -9999
1726 2586 3827 7572 4342 1588 1575 693 657 519 394 403 283 238 375 578 398 279 147 56 35 20 16 10 9 4 5 4 5 4 4 3 3 5 6 5 7 8 13 38 85 75 35 75 313 572 341 575 455 186 206 71 28 26 40 53 121 236 431 561 639 547 644 2670 1713 515 257 257 203 64 30 26 26 27 31 39 41 -9999 -9999 -9999 -9999 -9999 -9999 -9999 -9999 -9999 -9999 -9999
1610 2761 7082 10395 6439 2083 1493 741 606 357 379 495 429 781 748 492 293 130 77 26 19 12 10 9 9 3 3 3 3 3 3 3 3 3 3 3 3 5 8 13 25 23 15 12 25 224 474 719 671 68 62 79 36 29 38 60 77 147 176 262 495 730 1548 3916 2158 378 242 268 203 54 26 21 21 22 27 31 33 32 -9999 -9999 -9999 -9999 -9999 -9999 -9999 -9999 -9999 -9999
1913 2118 4189 26366 6048 2572 1471 856 752 487 431 513 482 499 395 287 170 84 41 24 16 11 9 9 9 7 4 3 3 3 3 3 3 4 3 3 4 4 6 8 9 10 10 13 23 55 318 765 569 113 70 72 43 46 61 124 120 75 72 80 260 520 1100 451 407 202 157 177 229 119 51 20 21 23 24 26 29 31 37 -9999 -9999 -9999 -9999 -9999 -9999 -9999 -9999 -9999
1085 2600 3772 6552 4633 2262 1908 894 999 705 907 951 531 193 130 123 58 32 26 19 13 10 9 9 9 27 28 22 10 6 8 8 14 17 15 16 23 18 10 7 6 7 9 18 37 62 108 396 722 274 83 88 46 63 220 256 203 136 90 85 132 704 956 384 170 193 153 153 211 229 107 27 23 25 28 23 31 30 34 -9999 -9999 -9999 -9999 -9999 -9999 -9999 -9999 -9999
1755 2390 3674 4921 4668 2350 959 1012 1195 1293 1300 847 299 100 65 65 46 35 29 23 22 12 11 12 12 37 41 39 20 14 15 14 23 32 26 30 31 29 25 26 16 13 21 40 85 193 357 727 1599 399 110 122 187 133 200 299 302 345 134 158 226 738 946 555 234 87 99 118 206 287 103 28 23 22 21 20 27 27 32 48 -9999 -9999 -9999 -9999 -9999 -9999 -9999 -9999
1315 2010 2995 3814 4220 3524 1550 953 1074 1025 1043 479 165 112 122 83 49 44 42 34 24 15 18 17 15 52 62 54 24 21 52 53 72 108 54 71 98 51 32 30 28 29 31 44 74 150 325 967 7992 745 458 504 428 186 160 296 433 356 215 489 558 344 346 268 265 158 60 107 130 207 141 83 27 20 18 19 23 28 32 45 61 -9999 -9999 -9999 -9999 -9999 -9999 -9999
1030 1675 1868 2529 2941 3037 1747 1223 912 1013 1198 626 285 229 216 145 55 46 45 37 21 16 21 25 25 93 119 81 31 27 91 96 99 148 77 193 257 88 40 26 29 31 23 13 26 41 127 488 1218 588 477 451 465 311 164 244 308 297 448 1377 858 281 99 60 95 216 130 85 109 139 122 71 29 22 20 19 23 29 34 52 177 102 -9999 -9999 -9999 -9999 -9999 -9999
1236 1225 1533 2049 3003 4158 2449 1186 571 733 478 453 328 256 185 126 61 51 43 26 16 17 24 29 35 255 455 114 37 59 45 34 26 43 60 176 144 63 34 30 29 30 25 12 15 31 74 312 416 1074 1495 2004 1893 2074 1265 995 415 485 826 1761 829 305 120 56 49 147 187 61 95 134 86 76 39 28 23 21 22 28 33 48 118 82 -9999 -9999 -9999 -9999 -9999 -9999
